300 10933
0 1
0 2
0 6
0 9
0 13
0 15
0 19
0 20
0 22
0 24
0 25
0 26
0 27
0 35
0 45
0 51
0 57
0 59
0 67
0 69
0 70
0 72
0 73
0 75
0 80
0 82
0 85
0 86
0 87
0 88
0 90
0 91
0 93
0 98
0 100
0 102
0 103
0 108
0 110
0 122
0 133
0 135
0 138
0 139
0 140
0 141
0 143
0 145
0 148
0 150
0 151
0 159
0 160
0 164
0 167
0 169
0 170
0 175
0 176
0 179
0 183
0 190
0 197
0 203
0 211
0 216
0 217
0 218
0 224
0 227
0 234
0 235
0 236
0 243
0 245
0 248
0 254
0 257
0 259
0 262
0 263
0 266
0 267
0 268
0 272
0 284
0 286
0 292
0 295
0 296
0 298
1 3
1 5
1 10
1 20
1 21
1 24
1 25
1 29
1 39
1 40
1 41
1 42
1 44
1 45
1 49
1 51
1 52
1 55
1 56
1 57
1 58
1 62
1 68
1 70
1 71
1 75
1 77
1 78
1 80
1 85
1 88
1 90
1 96
1 97
1 99
1 104
1 105
1 108
1 110
1 112
1 114
1 117
1 120
1 121
1 122
1 123
1 124
1 132
1 133
1 135
1 136
1 138
1 144
1 146
1 147
1 149
1 152
1 153
1 154
1 160
1 163
1 175
1 176
1 178
1 179
1 181
1 184
1 187
1 189
1 193
1 194
1 198
1 199
1 200
1 203
1 214
1 215
1 218
1 233
1 235
1 236
1 237
1 238
1 242
1 245
1 250
1 251
1 258
1 260
1 262
1 264
1 266
1 267
1 268
1 269
1 270
1 272
1 273
1 279
1 284
1 285
1 286
1 289
1 290
1 292
1 295
2 3
2 8
2 18
2 27
2 31
2 38
2 51
2 55
2 58
2 59
2 62
2 66
2 67
2 69
2 79
2 82
2 85
2 89
2 93
2 107
2 108
2 109
2 110
2 114
2 117
2 120
2 122
2 123
2 132
2 133
2 146
2 154
2 158
2 169
2 174
2 178
2 179
2 181
2 191
2 196
2 201
2 208
2 213
2 215
2 224
2 225
2 230
2 243
2 246
2 249
2 251
2 253
2 254
2 273
2 286
2 290
2 291
3 4
3 18
3 24
3 34
3 40
3 48
3 51
3 56
3 58
3 61
3 62
3 68
3 69
3 74
3 80
3 81
3 82
3 88
3 89
3 92
3 94
3 99
3 102
3 103
3 111
3 116
3 121
3 124
3 128
3 129
3 132
3 134
3 135
3 141
3 143
3 145
3 162
3 166
3 168
3 170
3 179
3 181
3 182
3 187
3 188
3 193
3 207
3 218
3 231
3 235
3 237
3 238
3 245
3 255
3 257
3 261
3 263
3 266
3 267
3 270
3 271
3 281
3 283
3 285
3 286
3 287
3 291
3 293
3 295
4 6
4 11
4 20
4 28
4 31
4 32
4 40
4 41
4 46
4 50
4 53
4 63
4 81
4 84
4 89
4 92
4 94
4 96
4 101
4 103
4 113
4 114
4 116
4 119
4 120
4 123
4 127
4 135
4 136
4 137
4 143
4 148
4 158
4 165
4 167
4 169
4 170
4 173
4 178
4 179
4 181
4 188
4 189
4 190
4 191
4 196
4 203
4 204
4 205
4 207
4 208
4 210
4 212
4 216
4 217
4 225
4 226
4 228
4 230
4 235
4 238
4 241
4 242
4 245
4 246
4 251
4 253
4 267
4 271
4 273
4 276
4 287
4 291
4 295
5 17
5 35
5 38
5 40
5 44
5 48
5 53
5 62
5 65
5 67
5 78
5 88
5 93
5 96
5 106
5 109
5 123
5 143
5 144
5 145
5 148
5 150
5 184
5 212
5 222
5 224
5 230
5 234
5 239
5 249
5 250
5 251
5 258
5 261
5 267
5 273
5 275
5 276
5 284
5 286
6 7
6 16
6 20
6 24
6 28
6 29
6 34
6 35
6 37
6 41
6 42
6 44
6 47
6 48
6 51
6 54
6 60
6 66
6 67
6 74
6 80
6 82
6 85
6 87
6 90
6 91
6 92
6 94
6 97
6 103
6 116
6 121
6 122
6 125
6 134
6 145
6 149
6 152
6 159
6 160
6 162
6 165
6 169
6 172
6 173
6 174
6 176
6 181
6 190
6 191
6 196
6 199
6 203
6 207
6 208
6 210
6 216
6 221
6 224
6 231
6 232
6 234
6 235
6 236
6 237
6 238
6 248
6 254
6 255
6 257
6 261
6 268
6 272
6 274
6 275
6 278
6 279
6 282
6 290
6 291
7 15
7 25
7 28
7 53
7 55
7 66
7 80
7 82
7 88
7 95
7 103
7 106
7 132
7 135
7 138
7 152
7 157
7 160
7 162
7 172
7 177
7 189
7 196
7 214
7 221
7 225
7 231
7 233
7 246
7 250
7 251
7 257
7 261
7 263
7 271
7 282
7 291
8 20
8 24
8 38
8 52
8 55
8 58
8 65
8 95
8 97
8 111
8 118
8 125
8 127
8 144
8 145
8 148
8 161
8 163
8 164
8 172
8 175
8 177
8 189
8 198
8 207
8 219
8 236
8 251
8 266
8 273
8 280
8 285
8 292
8 295
8 296
8 298
8 299
9 19
9 20
9 23
9 27
9 30
9 49
9 55
9 67
9 68
9 75
9 81
9 95
9 98
9 106
9 113
9 120
9 138
9 144
9 148
9 152
9 176
9 185
9 189
9 192
9 197
9 206
9 221
9 223
9 225
9 232
9 238
9 244
9 249
9 254
9 255
9 261
9 267
9 268
9 273
9 289
9 298
10 20
10 24
10 28
10 29
10 47
10 55
10 56
10 90
10 95
10 109
10 116
10 118
10 121
10 125
10 143
10 150
10 158
10 164
10 195
10 196
10 205
10 208
10 213
10 228
10 231
10 236
10 243
10 244
10 246
10 266
10 269
10 270
10 272
10 280
10 290
10 295
11 12
11 13
11 18
11 25
11 27
11 30
11 31
11 34
11 35
11 36
11 37
11 38
11 39
11 41
11 42
11 44
11 47
11 54
11 62
11 63
11 66
11 69
11 74
11 77
11 84
11 96
11 97
11 101
11 104
11 106
11 108
11 109
11 115
11 120
11 124
11 125
11 130
11 140
11 141
11 145
11 152
11 153
11 154
11 158
11 160
11 163
11 164
11 165
11 166
11 168
11 171
11 173
11 174
11 175
11 178
11 183
11 187
11 188
11 189
11 190
11 191
11 200
11 201
11 203
11 204
11 212
11 216
11 218
11 219
11 221
11 223
11 225
11 230
11 233
11 237
11 249
11 255
11 259
11 260
11 269
11 272
11 280
11 284
11 290
11 292
11 295
12 15
12 25
12 27
12 28
12 34
12 48
12 88
12 90
12 94
12 100
12 101
12 103
12 106
12 126
12 139
12 143
12 162
12 169
12 170
12 180
12 189
12 190
12 196
12 199
12 212
12 222
12 227
12 229
12 230
12 234
12 241
12 249
12 251
12 263
12 265
12 273
12 278
12 280
12 282
12 285
12 298
13 14
13 18
13 31
13 39
13 40
13 41
13 42
13 57
13 69
13 78
13 99
13 101
13 112
13 128
13 136
13 138
13 152
13 158
13 178
13 180
13 184
13 189
13 190
13 196
13 197
13 198
13 205
13 207
13 227
13 228
13 244
13 245
13 249
13 267
13 270
13 272
13 275
13 290
13 293
14 16
14 17
14 23
14 31
14 37
14 38
14 43
14 51
14 54
14 63
14 72
14 83
14 99
14 108
14 118
14 123
14 125
14 144
14 145
14 148
14 155
14 158
14 162
14 175
14 177
14 178
14 183
14 187
14 188
14 196
14 202
14 204
14 218
14 230
14 232
14 234
14 238
14 244
14 245
14 251
14 255
14 258
14 261
14 262
14 267
14 268
14 269
14 270
14 276
14 278
14 280
14 295
14 296
15 18
15 32
15 37
15 43
15 45
15 53
15 57
15 62
15 69
15 72
15 74
15 75
15 78
15 80
15 82
15 90
15 91
15 92
15 104
15 108
15 109
15 113
15 117
15 124
15 127
15 128
15 132
15 135
15 139
15 146
15 150
15 151
15 153
15 159
15 173
15 176
15 179
15 189
15 191
15 198
15 202
15 203
15 204
15 234
15 238
15 239
15 252
15 254
15 261
15 267
15 270
15 275
15 278
15 279
15 293
15 297
16 17
16 19
16 23
16 26
16 27
16 30
16 33
16 35
16 53
16 66
16 78
16 82
16 85
16 86
16 88
16 97
16 103
16 113
16 116
16 118
16 120
16 124
16 135
16 140
16 146
16 155
16 160
16 162
16 169
16 173
16 180
16 181
16 192
16 197
16 199
16 201
16 202
16 204
16 208
16 214
16 217
16 219
16 222
16 245
16 253
16 257
16 258
16 259
16 263
16 265
16 267
16 268
16 278
16 280
16 281
16 284
16 295
16 297
16 298
17 18
17 19
17 24
17 27
17 30
17 31
17 32
17 34
17 36
17 38
17 42
17 46
17 48
17 49
17 55
17 56
17 57
17 58
17 66
17 69
17 74
17 77
17 80
17 82
17 83
17 86
17 87
17 88
17 96
17 99
17 100
17 101
17 106
17 107
17 112
17 115
17 118
17 122
17 123
17 125
17 127
17 130
17 136
17 137
17 141
17 143
17 144
17 145
17 146
17 148
17 149
17 156
17 160
17 170
17 172
17 175
17 178
17 180
17 185
17 189
17 192
17 196
17 197
17 198
17 199
17 200
17 209
17 220
17 224
17 225
17 229
17 234
17 241
17 249
17 250
17 254
17 255
17 256
17 257
17 260
17 266
17 267
17 273
17 278
17 280
17 284
17 286
17 287
17 293
17 298
17 299
18 20
18 23
18 25
18 26
18 28
18 30
18 35
18 42
18 45
18 47
18 48
18 49
18 51
18 62
18 63
18 66
18 67
18 69
18 74
18 75
18 77
18 80
18 82
18 84
18 88
18 90
18 97
18 99
18 103
18 104
18 107
18 110
18 111
18 112
18 113
18 114
18 119
18 120
18 121
18 122
18 125
18 126
18 128
18 129
18 135
18 136
18 138
18 139
18 143
18 148
18 152
18 155
18 157
18 160
18 163
18 165
18 173
18 175
18 177
18 179
18 181
18 187
18 190
18 198
18 202
18 203
18 204
18 207
18 208
18 209
18 210
18 212
18 218
18 219
18 225
18 233
18 235
18 236
18 238
18 239
18 241
18 242
18 249
18 250
18 254
18 255
18 257
18 260
18 262
18 265
18 266
18 267
18 269
18 270
18 271
18 273
18 275
18 276
18 279
18 282
18 283
18 286
18 287
18 289
18 291
18 293
18 294
18 296
18 297
19 21
19 22
19 25
19 30
19 32
19 36
19 37
19 39
19 42
19 43
19 45
19 46
19 47
19 48
19 52
19 53
19 56
19 71
19 73
19 75
19 76
19 78
19 81
19 82
19 84
19 86
19 87
19 88
19 90
19 92
19 96
19 102
19 107
19 108
19 112
19 114
19 123
19 125
19 136
19 141
19 145
19 147
19 155
19 156
19 163
19 164
19 167
19 168
19 169
19 174
19 175
19 178
19 179
19 183
19 187
19 196
19 197
19 198
19 199
19 204
19 209
19 210
19 211
19 212
19 214
19 215
19 218
19 219
19 221
19 225
19 226
19 228
19 232
19 234
19 236
19 238
19 242
19 243
19 244
19 245
19 246
19 248
19 249
19 255
19 262
19 264
19 265
19 267
19 269
19 270
19 272
19 273
19 277
19 282
19 292
19 295
19 296
19 299
20 23
20 24
20 25
20 26
20 29
20 38
20 42
20 43
20 47
20 58
20 62
20 70
20 74
20 82
20 83
20 90
20 92
20 95
20 99
20 103
20 108
20 114
20 124
20 128
20 132
20 136
20 138
20 140
20 143
20 148
20 161
20 163
20 166
20 169
20 170
20 172
20 173
20 178
20 179
20 181
20 186
20 190
20 198
20 200
20 203
20 205
20 209
20 221
20 222
20 229
20 235
20 236
20 239
20 244
20 250
20 254
20 256
20 257
20 258
20 260
20 261
20 264
20 269
20 271
20 272
20 273
20 278
20 280
20 283
20 287
20 289
20 290
20 292
20 295
20 297
21 23
21 24
21 56
21 71
21 77
21 82
21 90
21 98
21 100
21 118
21 124
21 135
21 155
21 158
21 164
21 168
21 175
21 177
21 213
21 220
21 221
21 226
21 250
21 254
21 266
21 267
21 279
21 284
21 285
21 290
21 291
22 23
22 29
22 36
22 39
22 48
22 55
22 62
22 69
22 70
22 83
22 86
22 92
22 94
22 100
22 105
22 114
22 116
22 119
22 135
22 140
22 144
22 148
22 152
22 159
22 162
22 169
22 170
22 177
22 178
22 196
22 203
22 205
22 207
22 208
22 228
22 230
22 232
22 233
22 236
22 239
22 244
22 248
22 250
22 253
22 263
22 270
22 273
22 290
22 292
23 32
23 36
23 37
23 43
23 45
23 46
23 51
23 53
23 54
23 56
23 63
23 64
23 65
23 67
23 69
23 74
23 75
23 78
23 83
23 84
23 86
23 87
23 90
23 92
23 95
23 97
23 100
23 104
23 106
23 108
23 111
23 119
23 121
23 125
23 129
23 138
23 141
23 145
23 153
23 155
23 157
23 160
23 165
23 169
23 172
23 173
23 176
23 177
23 183
23 185
23 188
23 193
23 196
23 199
23 206
23 217
23 221
23 222
23 224
23 230
23 231
23 232
23 238
23 241
23 242
23 249
23 251
23 254
23 257
23 259
23 261
23 265
23 266
23 267
23 271
23 274
23 275
23 280
23 286
23 287
23 288
23 289
23 290
23 297
23 298
24 34
24 35
24 37
24 56
24 67
24 69
24 74
24 76
24 79
24 92
24 97
24 106
24 119
24 124
24 126
24 132
24 136
24 137
24 138
24 140
24 143
24 145
24 148
24 149
24 150
24 155
24 157
24 158
24 161
24 163
24 168
24 169
24 170
24 172
24 184
24 188
24 189
24 192
24 194
24 196
24 197
24 198
24 199
24 205
24 206
24 213
24 214
24 217
24 218
24 219
24 220
24 223
24 225
24 230
24 234
24 238
24 242
24 244
24 247
24 249
24 250
24 253
24 255
24 258
24 261
24 262
24 264
24 265
24 266
24 267
24 269
24 271
24 272
24 276
24 285
24 290
24 292
24 295
24 299
25 27
25 28
25 31
25 32
25 36
25 38
25 47
25 49
25 51
25 53
25 57
25 60
25 64
25 66
25 67
25 75
25 78
25 79
25 82
25 84
25 91
25 92
25 95
25 96
25 97
25 101
25 106
25 109
25 111
25 112
25 115
25 117
25 124
25 127
25 131
25 134
25 137
25 138
25 145
25 148
25 152
25 155
25 158
25 159
25 162
25 164
25 165
25 170
25 175
25 184
25 185
25 186
25 192
25 194
25 196
25 198
25 201
25 202
25 205
25 207
25 209
25 220
25 222
25 225
25 229
25 230
25 233
25 236
25 243
25 245
25 246
25 251
25 252
25 258
25 261
25 267
25 268
25 270
25 272
25 278
25 281
25 285
25 290
25 291
25 293
25 295
25 299
26 40
26 42
26 43
26 48
26 54
26 55
26 57
26 58
26 59
26 70
26 78
26 83
26 86
26 134
26 146
26 148
26 150
26 161
26 171
26 175
26 184
26 189
26 194
26 201
26 205
26 211
26 222
26 224
26 225
26 226
26 231
26 238
26 254
26 255
26 263
26 265
26 267
26 268
26 273
26 274
26 284
26 285
26 286
26 290
26 292
27 29
27 31
27 32
27 37
27 39
27 41
27 44
27 52
27 54
27 56
27 60
27 72
27 75
27 87
27 106
27 109
27 110
27 114
27 119
27 120
27 122
27 126
27 127
27 128
27 129
27 141
27 143
27 156
27 158
27 159
27 162
27 164
27 166
27 167
27 171
27 173
27 174
27 176
27 183
27 184
27 187
27 189
27 194
27 195
27 197
27 198
27 200
27 203
27 205
27 213
27 215
27 216
27 218
27 219
27 225
27 227
27 232
27 237
27 238
27 242
27 247
27 249
27 250
27 252
27 253
27 257
27 262
27 270
27 271
27 273
27 282
27 284
27 285
27 289
27 290
27 291
27 292
27 293
27 294
28 33
28 37
28 42
28 47
28 50
28 55
28 56
28 62
28 75
28 78
28 82
28 83
28 85
28 89
28 95
28 103
28 104
28 106
28 114
28 119
28 121
28 123
28 125
28 126
28 130
28 132
28 136
28 144
28 146
28 148
28 152
28 157
28 164
28 167
28 170
28 178
28 179
28 181
28 190
28 197
28 211
28 222
28 229
28 232
28 234
28 237
28 239
28 245
28 257
28 260
28 261
28 263
28 266
28 271
28 278
28 285
28 286
28 292
28 293
28 298
29 36
29 39
29 40
29 42
29 44
29 58
29 64
29 67
29 69
29 72
29 74
29 75
29 76
29 81
29 92
29 95
29 97
29 99
29 104
29 105
29 115
29 121
29 128
29 132
29 135
29 136
29 140
29 148
29 150
29 153
29 155
29 159
29 161
29 165
29 170
29 172
29 175
29 177
29 188
29 189
29 191
29 192
29 194
29 199
29 202
29 203
29 204
29 211
29 214
29 216
29 218
29 219
29 221
29 230
29 232
29 234
29 236
29 238
29 244
29 252
29 254
29 260
29 262
29 263
29 264
29 265
29 267
29 272
29 281
29 282
29 286
29 296
29 297
30 35
30 37
30 41
30 47
30 51
30 52
30 62
30 65
30 70
30 74
30 75
30 79
30 82
30 93
30 96
30 101
30 103
30 105
30 122
30 123
30 128
30 130
30 137
30 142
30 144
30 148
30 150
30 152
30 157
30 165
30 173
30 177
30 178
30 188
30 189
30 192
30 199
30 205
30 207
30 208
30 219
30 229
30 234
30 235
30 238
30 243
30 245
30 249
30 252
30 254
30 259
30 261
30 264
30 267
30 285
30 292
30 295
30 297
30 298
30 299
31 33
31 35
31 41
31 42
31 43
31 44
31 45
31 48
31 49
31 50
31 58
31 61
31 62
31 71
31 74
31 81
31 87
31 92
31 97
31 102
31 105
31 108
31 110
31 115
31 118
31 122
31 124
31 128
31 129
31 131
31 136
31 139
31 148
31 153
31 157
31 159
31 160
31 161
31 162
31 163
31 164
31 167
31 169
31 170
31 171
31 178
31 181
31 187
31 189
31 194
31 202
31 203
31 207
31 208
31 212
31 221
31 226
31 228
31 230
31 232
31 239
31 245
31 246
31 251
31 252
31 257
31 262
31 263
31 267
31 293
31 295
31 296
31 297
31 298
32 35
32 39
32 41
32 46
32 47
32 48
32 52
32 56
32 58
32 69
32 71
32 73
32 82
32 86
32 87
32 88
32 93
32 97
32 98
32 99
32 102
32 113
32 119
32 121
32 124
32 125
32 130
32 132
32 136
32 138
32 141
32 145
32 146
32 153
32 160
32 163
32 164
32 167
32 170
32 171
32 175
32 177
32 181
32 184
32 188
32 189
32 191
32 193
32 198
32 199
32 201
32 203
32 205
32 208
32 211
32 212
32 221
32 225
32 227
32 228
32 236
32 240
32 243
32 247
32 249
32 251
32 258
32 265
32 275
32 278
32 282
32 284
32 285
32 286
32 289
32 293
32 295
33 43
33 60
33 66
33 67
33 69
33 76
33 85
33 88
33 102
33 103
33 129
33 135
33 139
33 148
33 161
33 165
33 170
33 189
33 193
33 196
33 203
33 213
33 223
33 236
33 238
33 239
33 246
33 249
33 250
33 258
33 272
33 282
33 289
33 290
33 292
33 296
34 41
34 45
34 47
34 48
34 60
34 75
34 81
34 85
34 86
34 87
34 88
34 91
34 92
34 93
34 97
34 103
34 106
34 114
34 116
34 119
34 121
34 122
34 124
34 128
34 135
34 136
34 138
34 148
34 151
34 154
34 158
34 160
34 161
34 162
34 169
34 171
34 176
34 181
34 198
34 204
34 219
34 223
34 234
34 237
34 238
34 244
34 247
34 250
34 252
34 255
34 259
34 260
34 266
34 267
34 272
34 273
34 274
34 277
34 279
34 286
34 293
34 296
35 37
35 39
35 43
35 44
35 45
35 46
35 47
35 50
35 53
35 54
35 69
35 71
35 74
35 80
35 92
35 96
35 97
35 104
35 106
35 108
35 118
35 121
35 122
35 123
35 133
35 142
35 147
35 161
35 163
35 164
35 167
35 173
35 175
35 178
35 180
35 182
35 187
35 188
35 192
35 196
35 205
35 210
35 213
35 220
35 230
35 231
35 235
35 242
35 249
35 254
35 269
35 270
35 273
35 279
35 284
35 287
35 292
35 293
35 297
36 39
36 42
36 43
36 44
36 47
36 48
36 52
36 55
36 56
36 60
36 62
36 63
36 69
36 75
36 77
36 78
36 86
36 109
36 118
36 119
36 124
36 127
36 129
36 134
36 137
36 138
36 139
36 148
36 151
36 155
36 158
36 169
36 171
36 175
36 186
36 189
36 191
36 196
36 212
36 236
36 237
36 244
36 246
36 249
36 250
36 251
36 258
36 260
36 262
36 271
36 272
36 276
36 282
36 284
37 38
37 39
37 43
37 47
37 56
37 58
37 60
37 62
37 67
37 71
37 72
37 73
37 74
37 75
37 77
37 78
37 81
37 86
37 88
37 90
37 91
37 93
37 95
37 97
37 103
37 106
37 108
37 111
37 113
37 117
37 118
37 121
37 123
37 125
37 127
37 129
37 134
37 136
37 141
37 143
37 144
37 145
37 150
37 153
37 155
37 157
37 158
37 160
37 162
37 163
37 164
37 173
37 175
37 177
37 179
37 181
37 183
37 184
37 185
37 186
37 189
37 198
37 200
37 201
37 204
37 205
37 207
37 208
37 213
37 216
37 218
37 220
37 222
37 228
37 231
37 233
37 235
37 236
37 238
37 239
37 243
37 246
37 247
37 249
37 252
37 253
37 258
37 261
37 263
37 266
37 267
37 276
37 279
37 280
37 282
37 287
37 289
37 291
37 298
37 299
38 39
38 52
38 53
38 56
38 57
38 60
38 62
38 65
38 80
38 81
38 86
38 93
38 96
38 109
38 116
38 122
38 123
38 132
38 135
38 138
38 142
38 143
38 145
38 158
38 161
38 171
38 180
38 181
38 183
38 194
38 195
38 204
38 205
38 207
38 208
38 226
38 234
38 235
38 236
38 237
38 238
38 239
38 251
38 253
38 254
38 269
38 270
38 272
38 280
38 285
38 289
38 290
38 297
39 42
39 43
39 47
39 55
39 57
39 58
39 65
39 66
39 70
39 73
39 74
39 78
39 80
39 83
39 90
39 93
39 96
39 100
39 101
39 103
39 106
39 108
39 109
39 110
39 115
39 117
39 120
39 121
39 124
39 128
39 130
39 135
39 137
39 142
39 144
39 148
39 151
39 154
39 155
39 162
39 167
39 169
39 171
39 172
39 173
39 182
39 183
39 184
39 185
39 187
39 191
39 203
39 204
39 207
39 209
39 210
39 213
39 214
39 216
39 217
39 218
39 219
39 220
39 221
39 224
39 225
39 235
39 236
39 237
39 238
39 243
39 246
39 249
39 258
39 262
39 265
39 268
39 269
39 270
39 275
39 276
39 278
39 280
39 281
39 285
39 286
39 290
39 294
39 296
39 298
40 43
40 53
40 57
40 62
40 67
40 79
40 82
40 86
40 88
40 93
40 94
40 101
40 103
40 116
40 129
40 132
40 135
40 136
40 142
40 159
40 172
40 189
40 196
40 210
40 238
40 246
40 248
40 249
40 255
40 261
40 262
40 267
40 271
40 284
40 289
40 292
41 45
41 50
41 51
41 53
41 65
41 66
41 75
41 80
41 86
41 88
41 90
41 93
41 95
41 96
41 99
41 100
41 113
41 127
41 128
41 129
41 130
41 136
41 138
41 140
41 145
41 152
41 160
41 161
41 166
41 167
41 169
41 170
41 191
41 200
41 209
41 210
41 211
41 217
41 218
41 222
41 229
41 230
41 235
41 236
41 246
41 249
41 250
41 255
41 259
41 266
41 274
41 276
41 277
41 281
41 283
41 285
41 286
41 289
42 43
42 44
42 46
42 48
42 56
42 58
42 60
42 63
42 68
42 77
42 83
42 84
42 87
42 88
42 89
42 100
42 103
42 116
42 118
42 122
42 124
42 127
42 130
42 132
42 139
42 144
42 145
42 155
42 158
42 159
42 167
42 168
42 169
42 170
42 171
42 172
42 176
42 180
42 186
42 187
42 188
42 191
42 192
42 194
42 202
42 203
42 208
42 212
42 213
42 214
42 218
42 222
42 223
42 224
42 225
42 232
42 247
42 248
42 249
42 250
42 253
42 259
42 265
42 267
42 270
42 271
42 274
42 276
42 279
42 282
42 284
42 289
42 291
42 293
42 294
42 296
42 298
43 45
43 46
43 49
43 52
43 55
43 75
43 76
43 86
43 90
43 92
43 96
43 97
43 101
43 102
43 104
43 108
43 110
43 111
43 114
43 117
43 119
43 123
43 124
43 125
43 132
43 133
43 134
43 139
43 141
43 142
43 143
43 144
43 145
43 148
43 151
43 154
43 155
43 156
43 162
43 165
43 166
43 168
43 172
43 175
43 181
43 182
43 184
43 187
43 188
43 192
43 201
43 205
43 214
43 227
43 230
43 231
43 238
43 243
43 244
43 245
43 247
43 249
43 250
43 251
43 255
43 259
43 260
43 262
43 263
43 264
43 268
43 269
43 270
43 273
43 279
43 281
43 286
43 287
43 290
43 291
43 292
43 296
43 297
43 299
44 48
44 49
44 66
44 70
44 74
44 77
44 80
44 84
44 91
44 94
44 97
44 99
44 103
44 106
44 114
44 118
44 119
44 121
44 122
44 125
44 129
44 130
44 131
44 133
44 136
44 141
44 144
44 151
44 153
44 155
44 158
44 161
44 164
44 169
44 170
44 171
44 174
44 176
44 185
44 192
44 195
44 196
44 197
44 201
44 202
44 205
44 208
44 209
44 224
44 230
44 233
44 235
44 242
44 245
44 250
44 252
44 254
44 256
44 260
44 264
44 271
44 272
44 273
44 274
44 275
44 276
44 284
44 285
44 286
44 287
44 288
44 298
45 48
45 54
45 69
45 70
45 73
45 75
45 79
45 82
45 83
45 86
45 90
45 97
45 100
45 103
45 106
45 108
45 122
45 129
45 137
45 145
45 149
45 152
45 159
45 161
45 169
45 170
45 175
45 187
45 190
45 193
45 196
45 199
45 214
45 222
45 231
45 236
45 238
45 239
45 241
45 253
45 254
45 255
45 291
46 47
46 50
46 52
46 56
46 70
46 74
46 79
46 82
46 84
46 86
46 87
46 92
46 102
46 108
46 113
46 114
46 117
46 134
46 135
46 136
46 137
46 139
46 146
46 158
46 160
46 165
46 171
46 177
46 181
46 182
46 183
46 187
46 188
46 191
46 194
46 197
46 200
46 210
46 213
46 217
46 218
46 230
46 232
46 236
46 238
46 239
46 243
46 244
46 245
46 246
46 248
46 249
46 250
46 254
46 261
46 268
46 269
46 272
46 284
46 286
46 289
46 293
47 52
47 53
47 54
47 57
47 61
47 62
47 65
47 67
47 68
47 72
47 73
47 74
47 78
47 82
47 84
47 86
47 87
47 91
47 97
47 100
47 102
47 103
47 108
47 114
47 117
47 119
47 122
47 123
47 124
47 125
47 128
47 129
47 133
47 134
47 137
47 139
47 141
47 143
47 146
47 148
47 159
47 167
47 170
47 172
47 173
47 175
47 178
47 186
47 188
47 190
47 192
47 194
47 196
47 198
47 199
47 204
47 205
47 207
47 208
47 210
47 211
47 214
47 216
47 219
47 220
47 224
47 225
47 226
47 229
47 238
47 241
47 245
47 247
47 249
47 250
47 254
47 255
47 257
47 260
47 261
47 267
47 268
47 270
47 271
47 273
47 279
47 282
47 284
47 285
47 289
47 295
47 297
47 299
48 52
48 53
48 58
48 59
48 61
48 62
48 71
48 72
48 73
48 75
48 76
48 80
48 86
48 87
48 88
48 89
48 90
48 92
48 96
48 97
48 101
48 103
48 104
48 105
48 106
48 108
48 109
48 110
48 113
48 118
48 121
48 123
48 125
48 127
48 128
48 129
48 132
48 134
48 138
48 143
48 148
48 151
48 152
48 155
48 158
48 159
48 164
48 170
48 171
48 173
48 174
48 177
48 179
48 180
48 188
48 196
48 197
48 198
48 200
48 206
48 208
48 211
48 213
48 215
48 217
48 219
48 223
48 224
48 227
48 229
48 234
48 236
48 238
48 241
48 243
48 244
48 247
48 249
48 250
48 251
48 253
48 254
48 257
48 258
48 259
48 262
48 263
48 265
48 269
48 270
48 272
48 273
48 279
48 282
48 295
49 53
49 55
49 57
49 73
49 79
49 83
49 87
49 90
49 109
49 113
49 118
49 126
49 127
49 138
49 152
49 159
49 164
49 166
49 167
49 169
49 189
49 204
49 211
49 212
49 217
49 227
49 234
49 240
49 243
49 257
49 258
49 260
49 261
49 266
49 273
49 274
50 54
50 64
50 65
50 71
50 73
50 76
50 83
50 84
50 88
50 94
50 101
50 104
50 108
50 112
50 115
50 120
50 122
50 123
50 125
50 126
50 128
50 130
50 133
50 137
50 138
50 140
50 143
50 146
50 148
50 149
50 156
50 161
50 162
50 164
50 168
50 171
50 173
50 174
50 178
50 192
50 193
50 196
50 197
50 198
50 199
50 201
50 204
50 207
50 208
50 209
50 213
50 214
50 218
50 219
50 226
50 230
50 231
50 239
50 241
50 243
50 244
50 254
50 266
50 268
50 275
50 289
50 290
50 296
51 55
51 65
51 66
51 75
51 76
51 77
51 78
51 86
51 87
51 94
51 97
51 99
51 100
51 103
51 107
51 114
51 116
51 118
51 124
51 136
51 137
51 141
51 143
51 144
51 145
51 146
51 148
51 149
51 150
51 151
51 154
51 155
51 156
51 160
51 162
51 165
51 171
51 174
51 178
51 182
51 183
51 185
51 187
51 189
51 191
51 192
51 193
51 194
51 196
51 203
51 204
51 208
51 212
51 215
51 218
51 220
51 221
51 224
51 226
51 230
51 231
51 234
51 237
51 239
51 243
51 244
51 245
51 246
51 248
51 251
51 266
51 272
51 273
51 274
51 275
51 278
51 287
51 293
51 298
52 60
52 75
52 76
52 81
52 87
52 91
52 95
52 97
52 104
52 105
52 123
52 124
52 126
52 129
52 130
52 147
52 148
52 169
52 180
52 203
52 204
52 205
52 210
52 212
52 213
52 218
52 221
52 235
52 237
52 239
52 246
52 249
52 250
52 253
52 254
52 269
52 273
52 279
52 280
52 294
53 55
53 57
53 58
53 61
53 63
53 69
53 74
53 75
53 80
53 82
53 84
53 87
53 93
53 95
53 98
53 100
53 102
53 111
53 115
53 116
53 118
53 123
53 125
53 128
53 133
53 138
53 144
53 145
53 151
53 152
53 155
53 159
53 162
53 165
53 166
53 168
53 169
53 172
53 174
53 176
53 180
53 184
53 187
53 188
53 190
53 195
53 204
53 206
53 207
53 208
53 216
53 217
53 218
53 219
53 220
53 222
53 232
53 234
53 235
53 238
53 241
53 242
53 243
53 246
53 247
53 249
53 250
53 254
53 256
53 258
53 267
53 269
53 270
53 273
53 274
53 276
53 277
53 279
53 280
53 282
53 284
53 286
53 290
53 292
53 295
53 299
54 57
54 60
54 65
54 86
54 106
54 108
54 110
54 116
54 118
54 123
54 124
54 125
54 130
54 134
54 135
54 144
54 152
54 155
54 159
54 165
54 170
54 172
54 174
54 175
54 180
54 187
54 189
54 196
54 206
54 210
54 212
54 217
54 218
54 219
54 220
54 223
54 236
54 238
54 241
54 248
54 251
54 254
54 258
54 265
54 266
54 269
54 272
54 273
54 276
54 277
54 278
54 279
54 289
54 291
54 292
54 293
54 296
54 299
55 68
55 69
55 72
55 74
55 75
55 80
55 81
55 82
55 83
55 86
55 87
55 90
55 94
55 97
55 102
55 104
55 106
55 108
55 119
55 126
55 127
55 132
55 134
55 136
55 137
55 145
55 146
55 147
55 148
55 150
55 156
55 159
55 161
55 163
55 164
55 166
55 167
55 174
55 175
55 176
55 178
55 179
55 180
55 181
55 182
55 187
55 189
55 190
55 192
55 196
55 204
55 206
55 207
55 209
55 210
55 213
55 217
55 218
55 219
55 224
55 226
55 227
55 231
55 232
55 233
55 234
55 235
55 237
55 238
55 239
55 242
55 245
55 246
55 251
55 257
55 259
55 261
55 262
55 266
55 267
55 271
55 274
55 280
55 284
55 285
55 286
55 291
55 292
55 293
55 294
55 297
55 299
56 66
56 70
56 72
56 76
56 77
56 80
56 84
56 85
56 87
56 89
56 93
56 97
56 98
56 102
56 104
56 107
56 113
56 116
56 119
56 121
56 124
56 127
56 145
56 146
56 151
56 152
56 155
56 157
56 158
56 159
56 161
56 163
56 164
56 173
56 175
56 176
56 184
56 189
56 191
56 192
56 195
56 197
56 208
56 218
56 227
56 228
56 232
56 234
56 236
56 246
56 249
56 251
56 252
56 253
56 256
56 259
56 261
56 266
56 270
56 271
56 275
56 278
56 280
56 288
56 289
56 295
56 299
57 60
57 70
57 72
57 74
57 76
57 78
57 84
57 88
57 91
57 94
57 98
57 101
57 108
57 114
57 116
57 118
57 119
57 121
57 128
57 130
57 135
57 137
57 143
57 144
57 158
57 160
57 165
57 167
57 168
57 176
57 177
57 181
57 184
57 188
57 190
57 191
57 195
57 197
57 198
57 201
57 203
57 208
57 216
57 217
57 218
57 219
57 220
57 221
57 222
57 228
57 229
57 230
57 232
57 234
57 238
57 243
57 244
57 245
57 247
57 250
57 252
57 255
57 267
57 271
57 272
57 279
57 280
57 284
57 288
57 289
57 290
57 292
57 296
57 297
57 298
58 62
58 64
58 66
58 69
58 72
58 77
58 79
58 80
58 82
58 85
58 86
58 88
58 90
58 91
58 93
58 98
58 100
58 104
58 106
58 118
58 120
58 121
58 123
58 127
58 128
58 144
58 145
58 146
58 154
58 155
58 156
58 158
58 161
58 178
58 181
58 187
58 193
58 195
58 199
58 203
58 204
58 205
58 207
58 208
58 209
58 216
58 218
58 220
58 224
58 232
58 240
58 241
58 247
58 249
58 252
58 253
58 255
58 259
58 263
58 272
58 277
58 278
58 279
58 280
58 282
58 286
58 289
58 290
58 291
58 295
59 74
59 87
59 102
59 105
59 116
59 118
59 123
59 126
59 132
59 152
59 160
59 161
59 165
59 176
59 198
59 199
59 208
59 218
59 234
59 243
59 249
59 255
59 258
59 262
59 267
59 273
59 290
59 297
60 65
60 77
60 78
60 88
60 95
60 113
60 119
60 129
60 134
60 136
60 148
60 152
60 163
60 164
60 167
60 169
60 173
60 178
60 190
60 195
60 198
60 199
60 205
60 212
60 218
60 225
60 231
60 244
60 245
60 249
60 250
60 251
60 256
60 261
60 262
60 274
60 275
60 280
60 285
60 288
60 293
60 294
60 295
60 299
61 74
61 75
61 82
61 88
61 95
61 109
61 118
61 143
61 144
61 153
61 160
61 165
61 173
61 185
61 191
61 196
61 198
61 205
61 206
61 212
61 225
61 234
61 239
61 248
61 250
61 258
61 269
61 270
61 273
61 275
61 282
61 286
61 287
61 288
61 289
61 293
61 294
61 295
61 298
62 66
62 69
62 73
62 82
62 86
62 89
62 90
62 92
62 94
62 96
62 97
62 100
62 101
62 103
62 104
62 108
62 113
62 114
62 117
62 118
62 127
62 136
62 145
62 148
62 154
62 158
62 163
62 164
62 171
62 172
62 174
62 187
62 197
62 203
62 204
62 208
62 211
62 216
62 222
62 224
62 225
62 226
62 229
62 231
62 233
62 234
62 238
62 242
62 243
62 246
62 249
62 250
62 253
62 255
62 258
62 265
62 266
62 278
62 279
62 281
62 286
62 290
62 292
62 293
62 296
62 297
62 299
63 74
63 75
63 76
63 78
63 82
63 117
63 127
63 155
63 158
63 164
63 169
63 173
63 175
63 191
63 214
63 224
63 225
63 238
63 243
63 244
63 249
63 273
63 280
63 282
63 291
63 297
63 298
64 66
64 67
64 69
64 83
64 89
64 97
64 114
64 124
64 126
64 132
64 138
64 148
64 150
64 151
64 152
64 157
64 165
64 176
64 187
64 199
64 204
64 206
64 207
64 211
64 230
64 249
64 250
64 252
64 262
64 265
64 272
64 273
64 276
64 283
64 290
64 297
65 69
65 74
65 77
65 78
65 80
65 86
65 87
65 125
65 134
65 149
65 169
65 174
65 175
65 188
65 192
65 204
65 205
65 216
65 217
65 219
65 222
65 240
65 246
65 251
65 260
65 261
65 265
65 272
65 290
65 291
66 67
66 74
66 75
66 90
66 97
66 107
66 118
66 119
66 121
66 132
66 134
66 137
66 145
66 148
66 154
66 156
66 157
66 161
66 165
66 167
66 170
66 189
66 192
66 197
66 199
66 202
66 206
66 208
66 211
66 216
66 222
66 224
66 227
66 230
66 231
66 235
66 238
66 242
66 253
66 268
66 271
66 279
66 280
66 286
66 293
66 295
66 299
67 70
67 71
67 74
67 75
67 78
67 80
67 81
67 82
67 88
67 90
67 102
67 105
67 106
67 116
67 119
67 120
67 124
67 126
67 128
67 135
67 139
67 140
67 144
67 145
67 147
67 152
67 153
67 155
67 161
67 170
67 172
67 175
67 176
67 178
67 179
67 180
67 189
67 191
67 199
67 209
67 218
67 220
67 224
67 229
67 231
67 236
67 238
67 239
67 241
67 242
67 246
67 252
67 254
67 255
67 259
67 262
67 269
67 272
67 275
67 279
67 284
67 286
67 291
67 295
67 299
68 74
68 100
68 129
68 158
68 205
68 217
68 218
68 220
68 238
68 243
68 244
68 250
68 261
68 273
68 292
68 296
68 298
69 75
69 79
69 86
69 87
69 89
69 90
69 92
69 93
69 95
69 98
69 107
69 108
69 118
69 121
69 126
69 127
69 128
69 129
69 130
69 138
69 139
69 142
69 148
69 150
69 151
69 153
69 155
69 164
69 167
69 174
69 175
69 176
69 187
69 188
69 189
69 191
69 193
69 194
69 202
69 203
69 205
69 206
69 207
69 211
69 213
69 215
69 217
69 218
69 220
69 222
69 223
69 224
69 225
69 228
69 232
69 234
69 238
69 240
69 267
69 268
69 270
69 271
69 279
69 280
69 282
69 283
69 290
69 292
69 293
69 294
69 296
69 299
70 74
70 76
70 78
70 90
70 91
70 102
70 105
70 110
70 127
70 138
70 150
70 166
70 169
70 171
70 178
70 180
70 182
70 184
70 185
70 187
70 190
70 192
70 193
70 197
70 205
70 212
70 217
70 219
70 226
70 235
70 240
70 243
70 244
70 245
70 248
70 249
70 254
70 262
70 266
70 268
70 271
70 273
70 276
70 279
70 280
70 285
70 286
70 289
70 295
70 298
71 74
71 82
71 96
71 108
71 110
71 113
71 116
71 119
71 130
71 138
71 151
71 156
71 161
71 173
71 175
71 189
71 192
71 199
71 215
71 223
71 227
71 230
71 233
71 234
71 248
71 255
71 258
71 261
71 267
71 270
71 279
71 290
72 75
72 76
72 87
72 88
72 104
72 108
72 122
72 123
72 132
72 136
72 147
72 165
72 173
72 203
72 205
72 214
72 217
72 218
72 220
72 225
72 226
72 230
72 231
72 232
72 234
72 245
72 246
72 250
72 251
72 259
72 261
72 266
72 270
72 273
72 276
72 280
72 283
72 287
72 289
72 290
72 295
72 297
73 80
73 96
73 101
73 102
73 109
73 112
73 118
73 125
73 127
73 128
73 130
73 131
73 137
73 138
73 142
73 152
73 155
73 158
73 161
73 166
73 169
73 170
73 173
73 174
73 175
73 176
73 187
73 195
73 199
73 206
73 214
73 220
73 225
73 227
73 230
73 233
73 236
73 238
73 243
73 244
73 246
73 270
73 271
73 278
73 283
73 285
73 287
73 294
73 296
73 298
74 76
74 80
74 88
74 93
74 94
74 98
74 99
74 101
74 102
74 104
74 105
74 109
74 110
74 111
74 119
74 128
74 130
74 135
74 140
74 145
74 146
74 148
74 160
74 163
74 164
74 165
74 166
74 168
74 171
74 173
74 174
74 175
74 177
74 180
74 181
74 182
74 184
74 189
74 192
74 193
74 196
74 203
74 204
74 209
74 211
74 212
74 216
74 218
74 223
74 229
74 230
74 233
74 235
74 237
74 241
74 247
74 250
74 251
74 254
74 261
74 262
74 264
74 267
74 268
74 271
74 272
74 278
74 279
74 281
74 282
74 283
74 284
74 286
74 287
74 295
74 297
74 298
75 76
75 77
75 79
75 82
75 83
75 85
75 87
75 92
75 96
75 99
75 100
75 106
75 107
75 109
75 112
75 117
75 118
75 122
75 123
75 126
75 128
75 129
75 133
75 134
75 138
75 143
75 144
75 150
75 152
75 155
75 160
75 161
75 162
75 163
75 166
75 167
75 168
75 169
75 171
75 174
75 176
75 177
75 184
75 189
75 195
75 196
75 201
75 203
75 205
75 208
75 211
75 212
75 213
75 217
75 218
75 221
75 225
75 227
75 231
75 232
75 234
75 237
75 238
75 242
75 246
75 264
75 265
75 268
75 269
75 277
75 278
75 279
75 286
75 289
75 295
75 297
75 299
76 86
76 102
76 104
76 114
76 118
76 122
76 123
76 124
76 133
76 138
76 143
76 144
76 154
76 162
76 163
76 177
76 178
76 184
76 188
76 192
76 195
76 204
76 205
76 206
76 208
76 216
76 219
76 221
76 223
76 225
76 226
76 230
76 234
76 243
76 246
76 255
76 262
76 264
76 275
76 279
76 280
76 285
76 286
76 290
77 78
77 80
77 85
77 88
77 103
77 104
77 106
77 108
77 109
77 122
77 123
77 126
77 131
77 144
77 155
77 167
77 169
77 178
77 180
77 189
77 195
77 196
77 205
77 210
77 213
77 217
77 219
77 221
77 225
77 238
77 244
77 253
77 259
77 261
77 279
77 284
77 288
77 292
77 295
77 296
77 298
77 299
78 97
78 114
78 122
78 128
78 134
78 135
78 137
78 138
78 144
78 145
78 150
78 152
78 154
78 155
78 158
78 164
78 174
78 184
78 185
78 189
78 190
78 191
78 194
78 196
78 197
78 198
78 199
78 200
78 201
78 207
78 210
78 216
78 218
78 219
78 224
78 226
78 231
78 233
78 234
78 238
78 239
78 242
78 244
78 249
78 251
78 258
78 260
78 267
78 271
78 272
78 279
78 285
78 286
78 287
78 288
78 289
78 291
78 292
78 293
78 297
78 298
79 83
79 87
79 88
79 95
79 104
79 105
79 120
79 126
79 130
79 132
79 142
79 148
79 152
79 156
79 161
79 166
79 170
79 172
79 173
79 174
79 180
79 189
79 192
79 194
79 197
79 204
79 206
79 212
79 217
79 220
79 221
79 230
79 236
79 238
79 244
79 245
79 251
79 261
79 266
79 279
79 284
79 286
79 289
79 295
79 297
79 298
80 87
80 97
80 103
80 106
80 108
80 111
80 119
80 122
80 125
80 130
80 134
80 135
80 136
80 146
80 149
80 151
80 157
80 160
80 173
80 174
80 175
80 183
80 187
80 196
80 199
80 203
80 209
80 219
80 220
80 225
80 230
80 236
80 239
80 244
80 249
80 250
80 254
80 256
80 262
80 272
80 278
80 287
80 289
80 291
80 293
80 295
80 299
81 83
81 99
81 105
81 115
81 116
81 121
81 122
81 134
81 136
81 145
81 148
81 159
81 161
81 163
81 164
81 169
81 171
81 176
81 178
81 185
81 191
81 196
81 198
81 210
81 213
81 216
81 218
81 238
81 246
81 249
81 250
81 251
81 279
81 288
81 295
82 83
82 88
82 89
82 90
82 94
82 98
82 99
82 100
82 102
82 107
82 110
82 111
82 113
82 114
82 116
82 117
82 119
82 120
82 124
82 127
82 130
82 133
82 134
82 143
82 144
82 147
82 150
82 151
82 152
82 154
82 165
82 166
82 170
82 180
82 183
82 187
82 189
82 190
82 191
82 198
82 202
82 204
82 207
82 212
82 218
82 219
82 221
82 222
82 230
82 232
82 233
82 236
82 242
82 243
82 244
82 253
82 254
82 258
82 261
82 262
82 265
82 266
82 267
82 271
82 273
82 275
82 276
82 280
82 282
82 283
82 284
82 287
82 288
82 289
82 292
82 294
82 297
83 89
83 91
83 106
83 107
83 108
83 109
83 111
83 112
83 121
83 125
83 128
83 130
83 133
83 143
83 144
83 148
83 152
83 155
83 160
83 167
83 175
83 183
83 187
83 199
83 204
83 207
83 208
83 212
83 217
83 222
83 226
83 236
83 239
83 244
83 246
83 247
83 249
83 254
83 255
83 256
83 259
83 261
83 265
83 266
83 271
83 279
83 284
83 287
83 289
83 290
83 292
83 295
84 88
84 91
84 121
84 134
84 138
84 149
84 152
84 158
84 171
84 173
84 175
84 184
84 207
84 208
84 213
84 216
84 224
84 225
84 230
84 231
84 250
84 252
84 254
84 255
84 260
84 266
84 272
84 276
84 282
84 283
84 286
84 287
84 295
84 298
85 88
85 92
85 101
85 102
85 103
85 104
85 106
85 120
85 123
85 124
85 135
85 136
85 147
85 152
85 157
85 158
85 166
85 189
85 190
85 195
85 198
85 204
85 205
85 211
85 215
85 223
85 225
85 236
85 238
85 248
85 253
85 257
85 259
85 261
85 265
85 266
85 269
85 280
85 289
85 295
85 298
86 87
86 89
86 94
86 97
86 98
86 102
86 104
86 105
86 107
86 108
86 120
86 121
86 124
86 130
86 132
86 134
86 142
86 149
86 150
86 152
86 155
86 161
86 171
86 176
86 178
86 182
86 184
86 187
86 188
86 190
86 199
86 205
86 209
86 211
86 222
86 227
86 230
86 241
86 248
86 254
86 259
86 261
86 269
86 270
86 272
86 276
86 277
86 282
86 284
86 285
86 291
86 296
86 298
87 90
87 92
87 95
87 100
87 103
87 105
87 110
87 112
87 115
87 116
87 117
87 118
87 124
87 127
87 131
87 132
87 134
87 136
87 137
87 139
87 142
87 147
87 150
87 152
87 167
87 170
87 173
87 174
87 176
87 179
87 183
87 185
87 187
87 189
87 192
87 196
87 197
87 201
87 206
87 213
87 216
87 217
87 220
87 222
87 234
87 237
87 239
87 241
87 243
87 244
87 245
87 246
87 250
87 254
87 255
87 258
87 261
87 262
87 263
87 267
87 269
87 272
87 273
87 279
87 283
87 284
87 295
88 89
88 90
88 96
88 97
88 99
88 102
88 106
88 108
88 110
88 111
88 119
88 123
88 124
88 125
88 128
88 137
88 138
88 140
88 144
88 151
88 154
88 155
88 157
88 159
88 161
88 162
88 166
88 169
88 173
88 176
88 181
88 182
88 186
88 198
88 206
88 207
88 208
88 210
88 211
88 212
88 213
88 214
88 217
88 223
88 225
88 230
88 232
88 234
88 235
88 236
88 240
88 243
88 246
88 250
88 251
88 253
88 255
88 259
88 260
88 265
88 267
88 269
88 273
88 274
88 276
88 280
88 282
88 285
88 287
88 292
88 294
89 96
89 103
89 106
89 114
89 116
89 118
89 120
89 121
89 125
89 128
89 137
89 148
89 155
89 161
89 167
89 171
89 173
89 182
89 186
89 187
89 188
89 203
89 207
89 220
89 222
89 223
89 231
89 234
89 237
89 242
89 246
89 257
89 259
89 262
89 266
89 267
89 278
89 279
89 295
89 297
89 298
90 92
90 93
90 95
90 99
90 104
90 108
90 109
90 116
90 120
90 122
90 123
90 125
90 126
90 128
90 133
90 134
90 135
90 137
90 140
90 144
90 148
90 156
90 158
90 159
90 160
90 163
90 164
90 169
90 170
90 176
90 184
90 187
90 191
90 194
90 196
90 203
90 204
90 205
90 208
90 210
90 213
90 226
90 228
90 232
90 236
90 238
90 239
90 241
90 244
90 250
90 251
90 252
90 260
90 262
90 263
90 265
90 267
90 273
90 279
90 281
90 285
90 291
90 292
90 295
90 297
91 93
91 98
91 101
91 103
91 104
91 108
91 113
91 121
91 124
91 130
91 155
91 159
91 160
91 167
91 173
91 174
91 187
91 191
91 194
91 207
91 208
91 212
91 230
91 231
91 243
91 245
91 251
91 255
91 257
91 259
91 262
91 267
91 273
91 283
91 285
91 286
91 296
92 96
92 98
92 101
92 103
92 108
92 137
92 140
92 162
92 170
92 178
92 191
92 201
92 203
92 214
92 219
92 228
92 236
92 238
92 246
92 258
92 263
92 270
92 271
92 276
92 282
92 285
92 291
93 100
93 107
93 110
93 112
93 117
93 118
93 119
93 132
93 134
93 161
93 164
93 165
93 168
93 175
93 176
93 184
93 190
93 191
93 193
93 196
93 199
93 200
93 204
93 205
93 208
93 220
93 231
93 235
93 244
93 245
93 247
93 249
93 255
93 261
93 267
93 268
93 271
93 281
93 285
93 287
94 99
94 103
94 106
94 108
94 122
94 123
94 134
94 135
94 137
94 141
94 146
94 148
94 150
94 159
94 160
94 165
94 170
94 171
94 175
94 184
94 190
94 196
94 197
94 206
94 210
94 213
94 217
94 219
94 224
94 225
94 243
94 244
94 245
94 251
94 267
94 268
94 283
94 287
94 288
94 295
94 297
94 299
95 97
95 99
95 103
95 104
95 114
95 117
95 121
95 124
95 125
95 131
95 134
95 137
95 141
95 152
95 158
95 159
95 161
95 162
95 167
95 179
95 195
95 196
95 198
95 204
95 211
95 214
95 216
95 221
95 223
95 224
95 226
95 235
95 242
95 244
95 245
95 246
95 250
95 251
95 258
95 267
95 269
95 273
95 274
95 276
95 278
95 284
95 290
95 295
95 296
95 298
96 97
96 101
96 103
96 105
96 106
96 108
96 110
96 119
96 125
96 126
96 129
96 130
96 134
96 136
96 139
96 141
96 145
96 152
96 157
96 158
96 173
96 180
96 183
96 187
96 189
96 198
96 205
96 209
96 218
96 222
96 224
96 230
96 234
96 236
96 243
96 253
96 260
96 275
97 99
97 103
97 107
97 108
97 109
97 118
97 120
97 122
97 124
97 125
97 130
97 132
97 133
97 141
97 143
97 152
97 154
97 162
97 165
97 167
97 171
97 172
97 173
97 182
97 184
97 188
97 189
97 193
97 196
97 197
97 204
97 205
97 207
97 208
97 209
97 217
97 218
97 220
97 221
97 224
97 226
97 230
97 233
97 241
97 246
97 250
97 251
97 253
97 258
97 261
97 265
97 266
97 281
97 286
97 287
97 289
97 293
97 296
98 100
98 114
98 121
98 128
98 130
98 134
98 138
98 145
98 161
98 162
98 170
98 171
98 176
98 184
98 196
98 198
98 199
98 203
98 204
98 207
98 212
98 217
98 218
98 224
98 239
98 246
98 254
98 259
98 263
98 279
98 280
98 286
98 289
98 290
99 103
99 105
99 107
99 110
99 119
99 121
99 125
99 126
99 127
99 128
99 132
99 133
99 136
99 137
99 141
99 146
99 149
99 150
99 152
99 159
99 160
99 169
99 173
99 175
99 176
99 177
99 178
99 180
99 195
99 197
99 199
99 207
99 209
99 218
99 231
99 239
99 245
99 246
99 258
99 261
99 262
99 273
99 276
99 289
99 295
100 104
100 110
100 114
100 116
100 121
100 128
100 129
100 134
100 136
100 145
100 158
100 159
100 164
100 168
100 170
100 172
100 177
100 184
100 186
100 187
100 189
100 198
100 212
100 213
100 219
100 223
100 225
100 228
100 229
100 230
100 234
100 238
100 240
100 243
100 249
100 252
100 258
100 261
100 269
100 270
100 272
100 273
100 284
100 296
101 104
101 106
101 110
101 118
101 125
101 126
101 128
101 129
101 142
101 155
101 162
101 170
101 171
101 173
101 176
101 180
101 187
101 189
101 194
101 199
101 202
101 203
101 204
101 207
101 212
101 217
101 218
101 220
101 226
101 236
101 238
101 239
101 242
101 247
101 254
101 259
101 276
101 282
101 284
101 285
101 286
101 287
101 289
101 290
101 293
101 298
101 299
102 105
102 112
102 113
102 116
102 122
102 124
102 125
102 127
102 133
102 136
102 137
102 138
102 145
102 146
102 151
102 158
102 160
102 161
102 163
102 164
102 170
102 174
102 176
102 177
102 180
102 184
102 189
102 192
102 196
102 201
102 202
102 205
102 208
102 212
102 217
102 220
102 228
102 230
102 234
102 251
102 255
102 257
102 261
102 266
102 267
102 270
102 271
102 284
102 285
102 289
102 291
102 295
102 296
102 298
102 299
103 106
103 110
103 117
103 120
103 121
103 128
103 132
103 133
103 138
103 139
103 140
103 141
103 144
103 145
103 148
103 149
103 152
103 157
103 162
103 168
103 174
103 179
103 184
103 189
103 190
103 192
103 194
103 198
103 199
103 200
103 204
103 208
103 210
103 221
103 222
103 225
103 229
103 235
103 238
103 241
103 245
103 250
103 251
103 254
103 255
103 261
103 262
103 264
103 268
103 278
103 279
103 280
103 282
103 286
103 290
103 291
103 292
103 295
104 106
104 108
104 109
104 113
104 114
104 115
104 116
104 119
104 123
104 124
104 125
104 126
104 130
104 137
104 138
104 139
104 141
104 155
104 158
104 159
104 162
104 164
104 166
104 170
104 171
104 173
104 175
104 177
104 180
104 184
104 185
104 186
104 187
104 188
104 189
104 194
104 196
104 199
104 205
104 208
104 210
104 211
104 214
104 217
104 218
104 224
104 228
104 234
104 238
104 241
104 243
104 245
104 249
104 250
104 254
104 257
104 258
104 263
104 270
104 273
104 276
104 281
104 283
104 289
104 290
104 292
104 295
104 296
104 297
104 298
105 109
105 114
105 119
105 124
105 125
105 127
105 131
105 132
105 134
105 135
105 139
105 144
105 145
105 146
105 152
105 158
105 165
105 173
105 174
105 176
105 179
105 181
105 183
105 191
105 195
105 202
105 205
105 206
105 207
105 210
105 213
105 219
105 225
105 230
105 233
105 236
105 240
105 248
105 250
105 254
105 259
105 263
105 272
105 280
105 283
105 289
105 290
105 291
105 298
106 114
106 117
106 118
106 121
106 122
106 124
106 125
106 128
106 130
106 134
106 135
106 137
106 141
106 145
106 148
106 150
106 157
106 158
106 161
106 170
106 171
106 175
106 177
106 179
106 183
106 190
106 192
106 196
106 198
106 201
106 204
106 207
106 209
106 210
106 211
106 213
106 218
106 222
106 224
106 226
106 234
106 236
106 240
106 245
106 250
106 252
106 254
106 255
106 256
106 259
106 263
106 264
106 265
106 267
106 270
106 272
106 275
106 276
106 277
106 281
106 286
106 291
106 292
106 295
106 297
107 118
107 122
107 128
107 129
107 142
107 144
107 157
107 158
107 160
107 161
107 164
107 169
107 171
107 175
107 181
107 191
107 195
107 205
107 208
107 213
107 222
107 233
107 241
107 242
107 244
107 247
107 258
107 260
107 268
107 274
108 115
108 116
108 120
108 122
108 124
108 126
108 127
108 128
108 132
108 134
108 135
108 140
108 144
108 146
108 150
108 156
108 162
108 164
108 170
108 172
108 174
108 180
108 181
108 185
108 189
108 190
108 194
108 196
108 199
108 206
108 208
108 209
108 212
108 213
108 216
108 218
108 219
108 226
108 229
108 230
108 232
108 234
108 238
108 239
108 241
108 246
108 249
108 251
108 253
108 258
108 261
108 264
108 268
108 269
108 273
108 279
108 280
108 284
108 285
108 286
108 288
108 290
108 291
108 293
109 110
109 115
109 117
109 121
109 123
109 134
109 136
109 142
109 143
109 146
109 149
109 151
109 152
109 155
109 158
109 159
109 161
109 169
109 178
109 179
109 189
109 190
109 195
109 196
109 198
109 202
109 207
109 208
109 209
109 211
109 212
109 218
109 230
109 236
109 238
109 239
109 245
109 250
109 252
109 254
109 259
109 263
109 267
109 269
109 271
109 273
109 274
109 276
109 279
109 280
109 285
109 286
109 291
109 295
109 296
109 297
110 117
110 123
110 125
110 129
110 130
110 134
110 135
110 137
110 138
110 152
110 156
110 158
110 163
110 165
110 167
110 170
110 173
110 176
110 178
110 179
110 180
110 189
110 194
110 195
110 198
110 205
110 214
110 215
110 219
110 220
110 221
110 222
110 225
110 230
110 254
110 263
110 265
110 267
110 268
110 269
110 275
110 280
110 282
110 285
110 289
110 292
111 120
111 121
111 123
111 124
111 130
111 136
111 137
111 148
111 152
111 157
111 187
111 201
111 203
111 218
111 222
111 224
111 253
111 258
111 267
111 282
111 286
111 290
111 292
112 114
112 118
112 125
112 132
112 135
112 143
112 158
112 162
112 169
112 200
112 204
112 208
112 220
112 249
112 252
112 258
112 263
112 274
112 275
112 279
112 285
113 114
113 123
113 127
113 130
113 132
113 135
113 136
113 153
113 161
113 175
113 176
113 178
113 189
113 191
113 205
113 208
113 226
113 233
113 236
113 244
113 248
113 254
113 263
113 269
113 270
113 279
113 282
113 293
113 298
114 118
114 121
114 123
114 124
114 126
114 128
114 132
114 133
114 138
114 154
114 155
114 173
114 176
114 179
114 184
114 187
114 189
114 191
114 194
114 196
114 198
114 199
114 211
114 212
114 224
114 225
114 227
114 230
114 238
114 240
114 243
114 247
114 249
114 251
114 254
114 262
114 266
114 267
114 274
114 279
114 286
114 287
114 288
114 295
114 298
115 136
115 148
115 153
115 155
115 159
115 163
115 171
115 176
115 181
115 184
115 215
115 220
115 236
115 238
115 245
115 255
115 264
115 267
115 270
115 278
115 279
115 289
116 118
116 120
116 122
116 124
116 126
116 131
116 138
116 139
116 140
116 141
116 142
116 145
116 150
116 159
116 162
116 169
116 170
116 171
116 173
116 175
116 176
116 183
116 187
116 196
116 197
116 199
116 205
116 207
116 210
116 212
116 215
116 218
116 222
116 226
116 227
116 230
116 237
116 242
116 247
116 248
116 252
116 254
116 255
116 258
116 259
116 260
116 261
116 267
116 269
116 274
116 280
116 283
116 286
116 289
116 295
116 296
116 298
117 127
117 128
117 137
117 138
117 155
117 158
117 165
117 173
117 176
117 178
117 183
117 189
117 193
117 196
117 204
117 208
117 216
117 219
117 225
117 233
117 236
117 238
117 239
117 244
117 256
117 258
117 261
117 267
117 270
117 276
117 284
117 286
117 287
117 296
118 122
118 124
118 138
118 144
118 145
118 146
118 157
118 158
118 162
118 164
118 167
118 173
118 178
118 183
118 184
118 188
118 190
118 193
118 198
118 199
118 202
118 203
118 204
118 213
118 217
118 218
118 221
118 225
118 228
118 232
118 238
118 239
118 245
118 248
118 251
118 252
118 256
118 258
118 259
118 262
118 267
118 269
118 272
118 273
118 275
118 291
118 295
118 299
119 121
119 122
119 123
119 125
119 126
119 129
119 134
119 135
119 141
119 143
119 148
119 151
119 152
119 159
119 163
119 170
119 177
119 181
119 187
119 195
119 204
119 205
119 208
119 211
119 214
119 219
119 221
119 223
119 226
119 232
119 233
119 236
119 238
119 239
119 244
119 248
119 256
119 268
119 270
119 276
119 278
119 279
119 288
119 289
119 290
119 295
120 121
120 122
120 123
120 130
120 133
120 137
120 142
120 151
120 155
120 158
120 175
120 181
120 183
120 198
120 201
120 205
120 211
120 214
120 215
120 216
120 225
120 228
120 238
120 246
120 249
120 250
120 254
120 258
120 261
120 270
120 275
120 279
120 288
120 289
120 292
120 296
120 297
120 299
121 129
121 132
121 133
121 134
121 137
121 138
121 139
121 141
121 142
121 144
121 145
121 146
121 148
121 155
121 159
121 160
121 163
121 170
121 172
121 173
121 175
121 181
121 184
121 188
121 189
121 190
121 191
121 197
121 199
121 200
121 203
121 207
121 218
121 224
121 235
121 238
121 241
121 249
121 250
121 258
121 259
121 260
121 265
121 272
121 273
121 278
121 279
121 287
121 290
121 292
121 295
121 296
121 297
121 298
121 299
122 123
122 126
122 127
122 128
122 132
122 138
122 140
122 146
122 151
122 161
122 164
122 172
122 173
122 178
122 184
122 191
122 199
122 205
122 206
122 207
122 210
122 213
122 215
122 219
122 220
122 222
122 237
122 239
122 243
122 249
122 250
122 255
122 260
122 262
122 263
122 264
122 265
122 268
122 272
122 275
122 276
122 282
122 283
122 284
122 288
122 290
122 291
122 295
122 297
122 299
123 135
123 136
123 138
123 145
123 149
123 152
123 165
123 170
123 175
123 176
123 180
123 183
123 185
123 189
123 190
123 191
123 197
123 198
123 199
123 204
123 207
123 210
123 218
123 219
123 220
123 221
123 226
123 234
123 237
123 239
123 241
123 246
123 249
123 254
123 256
123 258
123 259
123 262
123 263
123 267
123 270
123 271
123 273
123 279
123 283
123 285
123 286
123 287
123 289
123 290
123 299
124 125
124 127
124 128
124 131
124 136
124 137
124 140
124 149
124 151
124 156
124 157
124 158
124 165
124 166
124 170
124 174
124 175
124 179
124 181
124 184
124 188
124 191
124 195
124 200
124 201
124 212
124 214
124 222
124 224
124 225
124 230
124 236
124 240
124 243
124 245
124 248
124 249
124 250
124 261
124 263
124 264
124 265
124 267
124 270
124 272
124 274
124 278
124 284
124 290
124 292
124 294
124 295
125 129
125 130
125 133
125 134
125 135
125 136
125 137
125 142
125 145
125 146
125 149
125 151
125 152
125 154
125 156
125 162
125 171
125 175
125 176
125 178
125 179
125 180
125 182
125 185
125 186
125 192
125 195
125 197
125 199
125 200
125 204
125 205
125 207
125 208
125 211
125 212
125 220
125 222
125 235
125 243
125 245
125 247
125 254
125 258
125 259
125 260
125 261
125 262
125 263
125 266
125 267
125 271
125 275
125 278
125 283
125 286
125 290
125 291
125 295
125 296
125 298
126 134
126 138
126 142
126 146
126 148
126 155
126 159
126 161
126 177
126 186
126 187
126 194
126 204
126 233
126 246
126 258
126 260
126 267
126 280
126 281
126 282
126 295
126 296
127 128
127 144
127 150
127 153
127 155
127 158
127 165
127 169
127 178
127 187
127 190
127 197
127 201
127 208
127 211
127 216
127 224
127 246
127 248
127 262
127 266
127 267
127 271
127 272
127 281
127 283
127 285
127 289
127 295
127 297
127 298
128 132
128 135
128 142
128 145
128 146
128 150
128 155
128 158
128 159
128 162
128 165
128 168
128 169
128 170
128 172
128 173
128 178
128 179
128 180
128 181
128 185
128 187
128 189
128 191
128 192
128 207
128 208
128 210
128 219
128 220
128 224
128 225
128 234
128 239
128 241
128 243
128 245
128 249
128 251
128 258
128 261
128 281
128 285
128 289
128 290
128 292
128 295
128 296
129 132
129 133
129 138
129 141
129 142
129 145
129 155
129 162
129 174
129 187
129 196
129 198
129 205
129 210
129 221
129 225
129 238
129 243
129 244
129 248
129 250
129 255
129 257
129 258
129 262
129 268
129 272
129 283
129 290
129 292
129 296
129 297
130 135
130 136
130 148
130 149
130 152
130 160
130 165
130 170
130 172
130 174
130 178
130 179
130 181
130 182
130 184
130 190
130 191
130 195
130 199
130 208
130 211
130 214
130 217
130 218
130 220
130 224
130 225
130 231
130 236
130 240
130 255
130 258
130 263
130 265
130 269
130 270
130 277
130 278
130 283
130 285
130 287
130 291
130 296
130 297
130 299
131 132
131 139
131 148
131 149
131 150
131 191
131 199
131 204
131 205
131 214
131 226
131 244
131 249
131 261
131 263
131 265
131 270
131 289
131 292
131 297
132 135
132 136
132 137
132 138
132 141
132 145
132 148
132 150
132 157
132 158
132 162
132 163
132 164
132 173
132 175
132 176
132 181
132 183
132 185
132 187
132 188
132 189
132 191
132 194
132 195
132 196
132 199
132 203
132 204
132 207
132 208
132 220
132 224
132 225
132 226
132 231
132 232
132 233
132 234
132 243
132 244
132 246
132 249
132 250
132 253
132 256
132 257
132 258
132 259
132 262
132 263
132 267
132 268
132 269
132 270
132 274
132 279
132 282
132 283
132 285
132 287
132 290
132 291
132 294
132 298
132 299
133 134
133 135
133 145
133 148
133 158
133 159
133 160
133 161
133 164
133 179
133 180
133 198
133 199
133 204
133 207
133 208
133 213
133 227
133 230
133 232
133 234
133 259
133 266
133 268
133 274
133 275
133 279
133 282
133 283
133 284
133 289
133 293
133 298
134 135
134 136
134 137
134 140
134 142
134 143
134 144
134 146
134 147
134 150
134 151
134 159
134 162
134 163
134 168
134 169
134 176
134 180
134 181
134 187
134 188
134 192
134 201
134 202
134 203
134 204
134 207
134 210
134 213
134 220
134 226
134 227
134 228
134 233
134 237
134 238
134 242
134 243
134 249
134 252
134 254
134 256
134 259
134 266
134 268
134 270
134 272
134 275
134 279
134 285
134 286
134 289
134 291
134 296
134 297
135 137
135 138
135 139
135 141
135 142
135 148
135 150
135 151
135 160
135 167
135 169
135 170
135 172
135 176
135 177
135 178
135 181
135 190
135 194
135 199
135 200
135 203
135 205
135 208
135 209
135 212
135 216
135 218
135 222
135 225
135 228
135 231
135 238
135 244
135 248
135 255
135 256
135 258
135 266
135 268
135 274
135 278
135 285
135 286
135 290
135 291
135 296
135 297
136 138
136 139
136 141
136 147
136 152
136 155
136 156
136 158
136 160
136 181
136 188
136 191
136 194
136 196
136 199
136 202
136 203
136 204
136 207
136 215
136 217
136 218
136 220
136 224
136 226
136 234
136 236
136 238
136 243
136 244
136 248
136 251
136 254
136 255
136 261
136 263
136 266
136 269
136 273
136 276
136 279
136 284
136 288
136 295
136 296
136 298
137 138
137 139
137 143
137 149
137 154
137 157
137 158
137 164
137 171
137 174
137 179
137 189
137 193
137 198
137 204
137 206
137 209
137 211
137 216
137 223
137 230
137 234
137 238
137 239
137 244
137 247
137 250
137 252
137 259
137 266
137 267
137 268
137 271
137 272
137 274
137 284
137 288
137 289
137 295
137 296
138 139
138 140
138 143
138 148
138 152
138 156
138 157
138 159
138 163
138 164
138 165
138 172
138 173
138 178
138 180
138 181
138 185
138 188
138 189
138 194
138 199
138 200
138 202
138 208
138 213
138 216
138 217
138 218
138 221
138 223
138 228
138 237
138 238
138 244
138 245
138 249
138 253
138 255
138 262
138 265
138 266
138 268
138 273
138 274
138 276
138 277
138 280
138 284
138 285
138 292
138 293
138 296
139 156
139 170
139 175
139 177
139 184
139 187
139 189
139 191
139 198
139 199
139 202
139 211
139 212
139 213
139 218
139 219
139 221
139 234
139 240
139 251
139 254
139 258
139 261
139 266
139 267
139 271
139 273
139 285
139 291
139 292
139 293
139 294
139 297
140 142
140 146
140 150
140 152
140 158
140 160
140 163
140 164
140 170
140 173
140 175
140 179
140 180
140 199
140 208
140 210
140 217
140 226
140 235
140 236
140 239
140 241
140 246
140 250
140 254
140 257
140 259
140 261
140 268
140 271
140 273
140 276
140 277
140 287
140 290
140 292
140 296
140 298
140 299
141 144
141 146
141 150
141 152
141 153
141 161
141 164
141 173
141 179
141 183
141 191
141 206
141 216
141 218
141 223
141 225
141 236
141 244
141 245
141 246
141 249
141 254
141 258
141 261
141 262
141 273
141 286
141 295
141 296
142 145
142 150
142 152
142 153
142 158
142 162
142 169
142 170
142 177
142 190
142 196
142 200
142 211
142 218
142 255
142 259
142 260
142 263
142 269
142 270
142 272
142 279
142 293
143 144
143 149
143 157
143 158
143 161
143 163
143 169
143 176
143 181
143 197
143 198
143 204
143 207
143 213
143 219
143 221
143 224
143 228
143 246
143 250
143 261
143 263
143 267
143 286
143 296
143 299
144 148
144 149
144 150
144 151
144 154
144 162
144 181
144 188
144 191
144 192
144 198
144 205
144 206
144 218
144 225
144 234
144 239
144 240
144 243
144 250
144 253
144 258
144 259
144 275
144 285
144 287
144 289
144 292
144 295
144 296
144 299
145 149
145 150
145 152
145 158
145 159
145 161
145 164
145 172
145 177
145 180
145 183
145 185
145 192
145 194
145 196
145 198
145 199
145 202
145 210
145 213
145 216
145 224
145 227
145 234
145 236
145 238
145 242
145 243
145 246
145 248
145 258
145 262
145 267
145 269
145 275
145 277
145 278
145 280
145 282
145 285
145 287
145 296
145 297
145 298
145 299
146 153
146 156
146 157
146 159
146 164
146 167
146 169
146 175
146 177
146 183
146 189
146 193
146 194
146 204
146 205
146 208
146 209
146 213
146 231
146 233
146 236
146 243
146 245
146 246
146 250
146 254
146 255
146 259
146 261
146 262
146 266
146 272
146 273
146 276
146 292
146 298
147 155
147 156
147 157
147 158
147 160
147 165
147 175
147 176
147 190
147 197
147 203
147 211
147 216
147 236
147 238
147 245
147 256
147 261
147 269
147 277
147 295
147 298
148 150
148 151
148 153
148 155
148 156
148 158
148 161
148 170
148 171
148 173
148 179
148 180
148 181
148 183
148 184
148 186
148 187
148 188
148 196
148 198
148 202
148 207
148 209
148 212
148 216
148 217
148 219
148 222
148 224
148 228
148 230
148 234
148 235
148 236
148 238
148 240
148 243
148 250
148 252
148 253
148 254
148 255
148 256
148 259
148 261
148 266
148 269
148 272
148 273
148 274
148 276
148 284
148 287
148 290
148 293
148 296
149 159
149 163
149 165
149 179
149 184
149 189
149 191
149 197
149 199
149 201
149 203
149 204
149 206
149 217
149 220
149 228
149 233
149 234
149 238
149 246
149 248
149 251
149 263
149 271
149 272
149 282
149 290
149 296
149 297
150 155
150 158
150 163
150 165
150 172
150 173
150 174
150 179
150 182
150 184
150 185
150 191
150 194
150 198
150 199
150 208
150 210
150 211
150 217
150 218
150 219
150 222
150 223
150 225
150 227
150 230
150 234
150 238
150 239
150 247
150 250
150 258
150 261
150 262
150 264
150 266
150 269
150 270
150 273
150 280
150 282
150 291
150 292
150 295
150 298
150 299
151 152
151 162
151 165
151 169
151 170
151 172
151 175
151 178
151 179
151 188
151 189
151 199
151 201
151 208
151 213
151 220
151 224
151 225
151 233
151 238
151 246
151 254
151 257
151 261
151 262
151 267
151 270
151 273
151 276
151 279
151 283
151 285
151 286
151 287
151 295
151 296
151 297
151 298
152 153
152 154
152 158
152 164
152 165
152 167
152 170
152 172
152 174
152 176
152 178
152 179
152 188
152 190
152 192
152 193
152 196
152 204
152 211
152 215
152 216
152 219
152 220
152 221
152 224
152 225
152 228
152 233
152 234
152 235
152 243
152 244
152 246
152 247
152 248
152 249
152 250
152 251
152 260
152 261
152 262
152 264
152 265
152 266
152 267
152 271
152 272
152 273
152 275
152 276
152 279
152 284
152 286
152 288
152 290
152 291
152 293
152 294
152 295
152 296
152 297
152 298
152 299
153 158
153 171
153 176
153 183
153 189
153 191
153 208
153 210
153 211
153 214
153 220
153 222
153 229
153 231
153 232
153 239
153 245
153 246
153 248
153 249
153 251
153 256
153 267
153 269
153 288
153 293
154 160
154 164
154 167
154 173
154 178
154 179
154 189
154 192
154 200
154 205
154 208
154 212
154 219
154 220
154 222
154 246
154 255
154 263
154 264
154 268
154 290
155 162
155 164
155 166
155 168
155 169
155 184
155 185
155 189
155 190
155 199
155 204
155 205
155 212
155 213
155 216
155 221
155 222
155 228
155 229
155 246
155 248
155 249
155 250
155 255
155 256
155 258
155 259
155 260
155 261
155 266
155 270
155 272
155 273
155 278
155 279
155 280
155 282
155 289
155 292
155 294
155 295
155 297
156 158
156 165
156 168
156 173
156 179
156 183
156 184
156 192
156 218
156 222
156 231
156 245
156 246
156 256
156 267
156 268
156 271
156 273
156 276
156 285
156 296
156 298
157 161
157 172
157 185
157 198
157 202
157 213
157 214
157 216
157 217
157 221
157 225
157 238
157 245
157 251
157 252
157 258
157 259
157 267
157 272
157 273
157 285
157 286
157 289
157 291
157 292
158 161
158 162
158 164
158 170
158 171
158 178
158 179
158 180
158 181
158 182
158 186
158 189
158 190
158 191
158 192
158 196
158 198
158 199
158 202
158 204
158 207
158 208
158 210
158 213
158 214
158 218
158 221
158 222
158 223
158 225
158 229
158 234
158 239
158 241
158 244
158 246
158 247
158 249
158 251
158 255
158 257
158 262
158 267
158 270
158 271
158 275
158 278
158 279
158 280
158 290
158 292
158 293
158 295
158 297
158 298
158 299
159 160
159 162
159 165
159 169
159 171
159 172
159 173
159 176
159 178
159 180
159 181
159 182
159 184
159 188
159 189
159 191
159 192
159 193
159 196
159 198
159 199
159 204
159 207
159 217
159 218
159 221
159 224
159 226
159 228
159 231
159 232
159 234
159 235
159 238
159 239
159 245
159 247
159 248
159 253
159 255
159 260
159 261
159 263
159 265
159 266
159 273
159 274
159 281
159 282
159 284
159 285
159 288
159 291
159 295
159 296
159 299
160 161
160 171
160 174
160 175
160 178
160 184
160 185
160 189
160 190
160 194
160 195
160 198
160 205
160 212
160 227
160 228
160 232
160 235
160 244
160 248
160 253
160 254
160 262
160 263
160 265
160 266
160 267
160 271
160 272
160 275
160 280
160 287
160 289
160 291
160 292
160 293
160 296
160 297
161 164
161 168
161 169
161 171
161 172
161 176
161 181
161 184
161 187
161 191
161 197
161 204
161 205
161 207
161 211
161 212
161 219
161 222
161 227
161 229
161 231
161 233
161 236
161 237
161 242
161 246
161 247
161 250
161 252
161 254
161 259
161 262
161 263
161 268
161 279
161 281
161 285
161 293
161 298
162 163
162 169
162 170
162 171
162 173
162 175
162 176
162 179
162 180
162 184
162 187
162 190
162 191
162 192
162 193
162 194
162 195
162 200
162 204
162 207
162 223
162 226
162 230
162 233
162 234
162 239
162 242
162 243
162 244
162 249
162 253
162 258
162 263
162 272
162 282
162 292
162 294
162 298
162 299
163 165
163 166
163 169
163 170
163 172
163 173
163 174
163 179
163 180
163 184
163 185
163 187
163 190
163 191
163 194
163 195
163 197
163 199
163 201
163 204
163 208
163 210
163 222
163 224
163 225
163 236
163 239
163 245
163 246
163 249
163 250
163 252
163 255
163 266
163 267
163 270
163 272
163 275
163 276
163 280
163 282
163 283
163 286
163 290
163 297
164 168
164 170
164 173
164 175
164 176
164 178
164 179
164 181
164 184
164 187
164 209
164 210
164 211
164 212
164 222
164 224
164 225
164 229
164 230
164 231
164 233
164 238
164 243
164 269
164 270
164 273
164 280
164 284
164 285
164 289
164 291
164 292
164 295
164 296
164 297
165 167
165 169
165 173
165 175
165 183
165 191
165 196
165 201
165 202
165 204
165 207
165 208
165 212
165 213
165 217
165 218
165 221
165 222
165 226
165 230
165 235
165 238
165 244
165 245
165 248
165 254
165 255
165 257
165 269
165 271
165 272
165 273
165 275
165 277
165 282
165 289
165 292
165 293
165 297
165 299
166 169
166 194
166 195
166 197
166 199
166 208
166 212
166 238
166 249
166 252
166 253
166 257
166 262
166 266
166 269
166 270
166 271
166 275
166 286
166 291
166 298
167 169
167 175
167 177
167 180
167 189
167 190
167 198
167 199
167 201
167 206
167 214
167 217
167 220
167 222
167 232
167 234
167 235
167 261
167 267
167 273
167 293
167 295
167 297
167 299
168 170
168 174
168 175
168 176
168 181
168 183
168 210
168 214
168 216
168 217
168 218
168 222
168 231
168 236
168 241
168 258
168 260
168 261
168 262
168 271
168 280
168 284
168 286
168 289
168 292
168 298
169 171
169 175
169 179
169 183
169 188
169 189
169 193
169 194
169 198
169 204
169 205
169 208
169 210
169 212
169 216
169 219
169 229
169 230
169 231
169 235
169 236
169 239
169 241
169 242
169 243
169 251
169 258
169 261
169 262
169 271
169 273
169 278
169 280
169 281
169 285
169 287
169 290
169 294
169 295
169 296
170 174
170 176
170 184
170 188
170 192
170 196
170 199
170 213
170 214
170 223
170 224
170 225
170 233
170 234
170 238
170 239
170 243
170 247
170 251
170 253
170 254
170 255
170 256
170 259
170 261
170 264
170 265
170 270
170 272
170 279
170 280
170 282
170 283
170 286
170 294
171 173
171 176
171 180
171 181
171 187
171 191
171 196
171 197
171 198
171 208
171 213
171 218
171 219
171 222
171 225
171 230
171 238
171 242
171 246
171 253
171 258
171 261
171 275
171 276
171 278
171 280
171 282
171 286
171 288
171 290
171 299
172 178
172 184
172 192
172 207
172 208
172 216
172 218
172 219
172 224
172 235
172 236
172 238
172 239
172 246
172 250
172 254
172 262
172 263
172 264
172 266
172 267
172 268
172 273
172 274
172 279
172 289
172 290
172 293
172 297
173 175
173 178
173 180
173 181
173 182
173 184
173 189
173 190
173 196
173 199
173 200
173 203
173 205
173 206
173 208
173 214
173 218
173 219
173 223
173 225
173 227
173 233
173 236
173 237
173 243
173 245
173 247
173 249
173 251
173 253
173 254
173 259
173 261
173 266
173 267
173 269
173 272
173 275
173 285
173 286
173 289
173 292
173 296
173 298
173 299
174 176
174 181
174 189
174 196
174 197
174 198
174 202
174 205
174 208
174 216
174 220
174 221
174 222
174 227
174 231
174 236
174 239
174 244
174 245
174 248
174 251
174 254
174 255
174 258
174 259
174 261
174 262
174 264
174 265
174 266
174 267
174 272
174 274
174 275
174 281
174 284
174 286
174 289
174 293
174 296
174 297
175 179
175 182
175 196
175 198
175 201
175 202
175 203
175 204
175 205
175 212
175 216
175 225
175 229
175 230
175 234
175 236
175 238
175 244
175 247
175 251
175 254
175 255
175 257
175 259
175 260
175 266
175 268
175 269
175 273
175 284
175 285
175 286
175 290
175 296
175 297
176 177
176 178
176 179
176 182
176 189
176 191
176 193
176 197
176 199
176 201
176 202
176 204
176 205
176 208
176 210
176 213
176 219
176 220
176 226
176 234
176 239
176 242
176 243
176 244
176 246
176 250
176 252
176 254
176 257
176 258
176 259
176 261
176 263
176 265
176 266
176 267
176 271
176 275
176 276
176 278
176 279
176 280
176 289
176 298
177 189
177 191
177 198
177 215
177 219
177 230
177 254
177 261
177 264
177 270
177 275
177 276
177 282
177 288
177 289
178 179
178 181
178 184
178 187
178 191
178 194
178 196
178 199
178 203
178 206
178 208
178 209
178 212
178 213
178 214
178 219
178 223
178 226
178 234
178 236
178 238
178 239
178 242
178 255
178 256
178 262
178 264
178 266
178 267
178 269
178 271
178 276
178 280
178 285
178 287
178 288
178 291
178 296
178 299
179 180
179 184
179 192
179 195
179 196
179 198
179 200
179 205
179 206
179 208
179 211
179 213
179 214
179 218
179 219
179 220
179 223
179 225
179 226
179 233
179 236
179 238
179 239
179 241
179 248
179 249
179 251
179 254
179 258
179 265
179 266
179 267
179 270
179 271
179 274
179 275
179 276
179 279
179 281
179 282
179 289
179 290
179 292
180 184
180 187
180 188
180 191
180 196
180 204
180 205
180 206
180 207
180 211
180 212
180 215
180 218
180 234
180 236
180 240
180 243
180 246
180 254
180 258
180 263
180 264
180 265
180 266
180 267
180 270
180 273
180 275
180 280
180 281
180 286
180 287
180 288
180 289
180 296
180 298
181 187
181 191
181 192
181 193
181 194
181 198
181 215
181 216
181 217
181 218
181 226
181 231
181 239
181 246
181 251
181 256
181 257
181 261
181 265
181 267
181 269
181 276
181 280
181 282
181 288
181 290
181 295
181 298
182 206
182 226
182 233
182 238
182 245
182 251
182 258
182 262
182 266
182 290
182 296
183 187
183 192
183 199
183 200
183 204
183 212
183 217
183 230
183 234
183 238
183 245
183 247
183 249
183 251
183 256
183 267
183 273
183 275
183 278
183 287
183 289
183 291
183 293
183 297
183 299
184 191
184 192
184 197
184 198
184 200
184 203
184 204
184 214
184 218
184 220
184 223
184 224
184 225
184 227
184 229
184 230
184 235
184 236
184 239
184 240
184 250
184 251
184 253
184 254
184 259
184 260
184 266
184 268
184 271
184 273
184 280
184 284
184 289
184 292
184 296
184 299
185 198
185 205
185 208
185 215
185 216
185 221
185 222
185 225
185 238
185 249
185 250
185 254
185 258
185 260
185 261
185 262
185 274
185 279
185 280
185 282
185 286
185 289
186 191
186 202
186 204
186 219
186 231
186 244
186 245
186 246
186 259
186 261
186 262
186 267
186 272
186 280
186 286
187 189
187 190
187 194
187 196
187 199
187 206
187 211
187 212
187 213
187 217
187 220
187 226
187 228
187 239
187 241
187 243
187 244
187 246
187 247
187 248
187 251
187 254
187 255
187 256
187 258
187 262
187 267
187 268
187 269
187 270
187 272
187 277
187 281
187 285
187 289
187 290
187 293
187 294
187 295
188 193
188 195
188 203
188 204
188 220
188 222
188 232
188 238
188 243
188 249
188 250
188 253
188 254
188 261
188 266
188 269
188 272
188 276
188 280
188 286
188 287
188 295
188 296
189 194
189 199
189 205
189 208
189 212
189 214
189 217
189 227
189 228
189 230
189 233
189 234
189 236
189 240
189 241
189 246
189 249
189 250
189 255
189 258
189 260
189 262
189 267
189 268
189 273
189 276
189 277
189 278
189 280
189 282
189 284
189 285
189 286
189 288
189 289
189 290
189 291
189 292
189 294
189 295
189 296
189 297
189 298
190 192
190 193
190 199
190 206
190 210
190 212
190 214
190 218
190 222
190 225
190 226
190 239
190 243
190 249
190 250
190 254
190 257
190 261
190 266
190 267
190 272
190 276
190 280
190 282
190 283
190 289
190 291
190 293
190 298
191 196
191 198
191 199
191 200
191 203
191 207
191 209
191 212
191 213
191 217
191 219
191 220
191 224
191 229
191 232
191 234
191 235
191 238
191 239
191 244
191 245
191 253
191 256
191 259
191 265
191 269
191 270
191 271
191 272
191 274
191 275
191 279
191 282
191 287
191 290
191 293
191 296
191 297
191 298
192 195
192 198
192 204
192 205
192 207
192 211
192 212
192 213
192 214
192 216
192 221
192 225
192 229
192 235
192 236
192 238
192 240
192 242
192 245
192 251
192 252
192 253
192 259
192 267
192 270
192 271
192 273
192 275
192 276
192 278
192 280
192 287
192 289
192 290
192 291
192 292
192 293
192 295
192 297
192 298
193 204
193 211
193 222
193 224
193 230
193 239
193 251
193 254
193 259
193 272
193 274
193 284
193 285
193 287
193 289
193 290
193 292
193 295
194 197
194 198
194 200
194 202
194 225
194 236
194 245
194 249
194 266
194 267
194 270
194 272
194 290
194 296
195 197
195 201
195 206
195 208
195 212
195 216
195 221
195 223
195 230
195 238
195 244
195 245
195 246
195 249
195 250
195 252
195 257
195 271
195 278
195 280
195 289
195 295
195 297
196 203
196 204
196 208
196 212
196 214
196 219
196 220
196 224
196 234
196 236
196 238
196 243
196 245
196 246
196 247
196 249
196 253
196 254
196 257
196 261
196 263
196 267
196 268
196 269
196 271
196 274
196 279
196 282
196 285
196 289
196 290
196 291
196 294
196 295
196 296
196 297
197 199
197 206
197 210
197 212
197 214
197 216
197 219
197 227
197 229
197 230
197 234
197 236
197 243
197 251
197 255
197 258
197 262
197 266
197 273
197 279
197 285
197 291
197 292
197 294
197 297
198 200
198 203
198 204
198 205
198 214
198 217
198 218
198 219
198 238
198 243
198 244
198 245
198 248
198 253
198 254
198 257
198 258
198 263
198 269
198 280
198 282
198 286
198 287
198 291
198 292
198 293
198 295
198 297
198 299
199 200
199 204
199 205
199 212
199 219
199 220
199 221
199 222
199 224
199 237
199 238
199 239
199 242
199 244
199 248
199 249
199 251
199 252
199 255
199 259
199 263
199 266
199 267
199 275
199 276
199 279
199 284
199 286
199 289
199 295
199 296
199 298
200 204
200 205
200 219
200 223
200 230
200 236
200 243
200 244
200 246
200 262
200 271
200 274
200 279
200 280
200 286
200 290
201 205
201 217
201 218
201 221
201 244
201 245
201 250
201 256
201 259
201 267
201 273
201 280
201 284
201 285
201 286
201 289
201 295
202 203
202 205
202 215
202 218
202 222
202 223
202 240
202 266
202 273
202 275
202 276
202 285
202 295
202 296
202 297
203 205
203 207
203 208
203 210
203 216
203 222
203 225
203 243
203 246
203 252
203 253
203 254
203 256
203 258
203 261
203 262
203 270
203 273
203 282
203 289
203 292
203 298
204 205
204 207
204 212
204 219
204 221
204 222
204 225
204 228
204 230
204 237
204 244
204 248
204 250
204 253
204 254
204 255
204 261
204 262
204 265
204 266
204 267
204 268
204 269
204 270
204 276
204 277
204 279
204 284
204 291
204 295
204 299
205 206
205 216
205 217
205 219
205 222
205 223
205 227
205 231
205 237
205 244
205 246
205 248
205 255
205 257
205 258
205 259
205 261
205 262
205 263
205 264
205 265
205 268
205 269
205 271
205 273
205 276
205 278
205 279
205 280
205 285
205 286
206 210
206 212
206 214
206 220
206 225
206 230
206 246
206 253
206 254
206 258
206 259
206 265
206 267
206 272
206 273
206 297
207 209
207 212
207 214
207 216
207 218
207 222
207 224
207 226
207 228
207 229
207 230
207 231
207 239
207 240
207 246
207 247
207 249
207 251
207 255
207 256
207 257
207 260
207 266
207 267
207 271
207 272
207 273
207 275
207 276
207 278
207 289
207 290
207 292
208 217
208 218
208 220
208 221
208 225
208 227
208 230
208 236
208 241
208 246
208 249
208 250
208 257
208 258
208 262
208 265
208 269
208 270
208 271
208 272
208 273
208 280
208 281
208 282
208 288
208 290
208 291
208 292
208 294
208 298
208 299
209 213
209 215
209 216
209 217
209 221
209 230
209 235
209 243
209 246
209 258
209 259
209 265
209 266
209 279
209 285
209 287
209 290
209 295
209 297
210 213
210 214
210 217
210 225
210 226
210 231
210 234
210 236
210 237
210 239
210 251
210 254
210 255
210 263
210 267
210 268
210 283
210 286
210 288
211 212
211 224
211 236
211 246
211 254
211 261
211 273
211 276
211 287
211 299
212 213
212 214
212 216
212 230
212 234
212 236
212 242
212 245
212 249
212 251
212 252
212 253
212 259
212 263
212 265
212 269
212 270
212 273
212 274
212 275
212 276
212 286
212 287
212 288
212 290
212 296
212 297
212 298
213 214
213 222
213 235
213 238
213 244
213 245
213 251
213 252
213 253
213 254
213 256
213 269
213 271
213 272
213 279
213 289
213 294
213 295
213 297
214 215
214 218
214 220
214 222
214 234
214 238
214 239
214 244
214 254
214 256
214 259
214 261
214 268
214 269
214 276
214 279
214 291
214 296
215 218
215 227
215 229
215 230
215 231
215 246
215 250
215 251
215 254
215 255
215 258
215 262
215 267
215 275
215 277
215 284
215 286
216 218
216 224
216 228
216 230
216 231
216 235
216 236
216 243
216 245
216 253
216 254
216 257
216 258
216 262
216 266
216 269
216 270
216 271
216 277
216 279
216 290
216 292
217 230
217 231
217 236
217 244
217 246
217 251
217 258
217 259
217 260
217 262
217 264
217 265
217 267
217 268
217 271
217 273
217 280
217 281
217 287
217 289
217 294
217 297
218 219
218 221
218 228
218 229
218 230
218 231
218 233
218 239
218 241
218 243
218 244
218 245
218 246
218 249
218 251
218 252
218 253
218 254
218 255
218 256
218 259
218 260
218 263
218 264
218 265
218 267
218 268
218 270
218 279
218 285
218 286
218 293
218 296
219 220
219 228
219 230
219 236
219 239
219 242
219 245
219 246
219 255
219 258
219 270
219 271
219 273
219 276
219 285
219 292
219 297
219 299
220 230
220 236
220 243
220 245
220 248
220 251
220 255
220 257
220 262
220 273
220 283
220 285
220 286
220 290
220 294
220 296
221 222
221 224
221 227
221 233
221 236
221 238
221 244
221 251
221 253
221 258
221 262
221 267
221 272
221 277
221 285
221 288
221 296
222 223
222 226
222 227
222 228
222 231
222 232
222 236
222 237
222 238
222 239
222 245
222 246
222 251
222 252
222 253
222 260
222 263
222 269
222 270
222 271
222 274
222 281
222 282
222 286
222 292
222 295
222 298
222 299
223 238
223 248
223 249
223 255
223 266
223 267
223 268
223 269
223 285
223 289
223 295
224 225
224 226
224 231
224 234
224 236
224 237
224 245
224 246
224 254
224 256
224 258
224 260
224 261
224 268
224 273
224 275
224 278
224 281
224 293
224 296
224 299
225 227
225 230
225 234
225 235
225 237
225 238
225 239
225 241
225 243
225 244
225 254
225 261
225 262
225 264
225 270
225 273
225 278
225 286
225 287
225 289
225 291
225 293
225 297
225 298
226 230
226 237
226 244
226 249
226 254
226 262
226 271
226 272
226 273
226 279
226 284
226 285
226 286
226 295
226 297
227 230
227 245
227 249
227 250
227 255
227 258
227 261
227 266
227 278
227 293
228 232
228 243
228 247
228 249
228 256
228 263
228 267
228 273
228 283
229 234
229 235
229 236
229 246
229 249
229 250
229 252
229 255
229 257
229 281
229 282
229 289
229 290
229 291
230 231
230 235
230 236
230 237
230 239
230 242
230 244
230 249
230 253
230 254
230 255
230 257
230 258
230 261
230 267
230 269
230 270
230 272
230 273
230 276
230 277
230 279
230 283
230 285
230 286
230 289
231 233
231 234
231 243
231 246
231 250
231 254
231 256
231 257
231 258
231 259
231 267
231 268
231 276
231 278
231 280
231 281
231 296
231 297
231 298
232 234
232 236
232 246
232 249
232 280
232 285
232 289
232 290
233 249
233 252
233 253
233 255
233 257
233 267
233 272
233 284
233 285
233 286
233 295
234 244
234 249
234 250
234 252
234 253
234 255
234 259
234 264
234 265
234 269
234 270
234 272
234 279
234 284
234 286
234 288
234 293
234 294
234 298
234 299
235 239
235 250
235 261
235 263
235 269
235 273
235 280
235 285
235 291
235 293
235 295
235 299
236 243
236 246
236 247
236 248
236 252
236 254
236 255
236 271
236 273
236 274
236 276
236 278
236 279
236 286
236 287
236 291
236 293
236 295
236 296
236 297
237 246
237 255
237 263
237 268
237 273
237 296
237 299
238 240
238 243
238 244
238 246
238 250
238 255
238 268
238 271
238 276
238 281
238 286
238 287
238 288
238 295
238 296
238 297
238 299
239 240
239 244
239 249
239 250
239 255
239 262
239 263
239 264
239 267
239 269
239 275
239 279
239 282
239 283
239 286
239 287
239 292
239 296
239 297
240 244
240 245
240 254
240 266
240 270
240 279
240 282
240 285
240 287
240 288
240 289
240 296
241 253
241 265
241 266
241 270
241 272
241 273
241 280
241 282
241 286
241 287
241 290
241 292
241 297
241 298
242 250
242 252
242 255
242 267
242 272
242 293
242 295
242 297
242 298
243 244
243 246
243 251
243 256
243 257
243 258
243 262
243 263
243 267
243 270
243 271
243 273
243 278
243 279
243 283
243 285
243 290
243 293
243 295
243 297
243 298
243 299
244 246
244 251
244 252
244 254
244 255
244 261
244 262
244 265
244 269
244 276
244 278
244 290
244 295
244 297
244 299
245 249
245 250
245 252
245 255
245 260
245 263
245 267
245 271
245 273
245 276
245 283
245 284
245 285
245 286
245 293
245 296
245 299
246 248
246 249
246 253
246 258
246 260
246 261
246 266
246 267
246 270
246 275
246 278
246 282
246 286
246 294
246 295
246 297
247 255
247 261
247 270
247 272
247 290
248 251
248 253
248 254
248 266
248 272
248 273
248 281
248 284
248 291
248 297
249 251
249 252
249 256
249 257
249 258
249 261
249 262
249 263
249 267
249 268
249 273
249 277
249 279
249 283
249 284
249 287
249 294
249 296
249 297
249 298
250 254
250 255
250 264
250 266
250 267
250 269
250 270
250 273
250 277
250 280
250 282
250 283
250 285
250 286
250 293
250 296
251 252
251 258
251 260
251 261
251 262
251 263
251 265
251 266
251 267
251 272
251 276
251 278
251 280
251 283
251 287
251 289
251 292
252 254
252 255
252 257
252 267
252 268
252 271
252 272
252 273
252 275
252 279
252 281
252 288
252 292
252 293
252 295
252 298
253 255
253 257
253 258
253 267
253 270
253 273
253 280
253 284
253 292
254 257
254 258
254 259
254 260
254 263
254 264
254 268
254 272
254 273
254 274
254 276
254 278
254 279
254 280
254 286
254 287
254 289
254 290
254 292
254 294
254 295
254 296
255 258
255 259
255 260
255 261
255 262
255 265
255 274
255 280
255 286
255 295
255 297
255 299
256 263
256 267
256 275
256 279
256 286
256 287
257 258
257 262
257 263
257 269
257 278
257 279
257 282
257 289
257 296
257 297
258 259
258 261
258 263
258 264
258 265
258 266
258 267
258 268
258 269
258 271
258 272
258 275
258 286
258 288
258 289
259 264
259 268
259 270
259 271
259 272
259 279
259 280
259 289
259 296
259 298
260 261
260 262
260 267
260 278
260 282
260 286
260 291
260 296
260 298
261 262
261 265
261 266
261 267
261 274
261 278
261 280
261 281
261 282
261 284
261 286
261 289
261 295
261 297
262 263
262 269
262 270
262 284
262 285
262 288
262 289
262 291
262 298
263 264
263 265
263 266
263 274
263 275
263 278
263 281
263 285
263 286
263 287
263 291
263 292
263 295
263 296
264 273
264 278
264 282
264 296
264 297
265 267
265 270
265 272
265 273
265 275
265 279
265 280
265 285
265 288
265 295
265 296
265 298
266 275
266 276
266 278
266 279
266 280
266 281
266 282
266 286
266 295
266 296
266 297
267 270
267 273
267 275
267 277
267 278
267 280
267 282
267 285
267 286
267 287
267 288
267 293
267 296
267 299
268 270
268 271
268 273
268 274
268 285
268 289
268 291
268 292
268 296
269 270
269 276
269 280
269 289
269 290
269 292
269 293
269 295
269 296
270 272
270 274
270 276
270 278
270 280
270 286
270 287
270 291
270 296
270 299
271 276
271 279
271 280
271 282
271 285
271 286
271 287
271 289
271 290
271 297
271 299
272 275
272 276
272 285
272 287
272 289
272 290
272 292
272 293
272 296
272 297
273 274
273 277
273 279
273 280
273 283
273 285
273 293
273 295
273 298
274 280
274 282
274 296
275 289
275 290
275 291
275 295
275 297
275 298
275 299
276 279
276 285
276 286
276 287
276 289
276 292
276 297
276 298
277 279
277 280
277 299
278 279
278 284
278 293
278 294
278 299
279 285
279 287
279 292
279 295
279 297
279 298
279 299
280 282
280 285
280 286
280 289
280 292
280 293
281 290
281 293
282 286
282 289
282 290
282 298
283 292
283 297
283 298
284 285
284 286
284 288
284 292
284 295
284 296
284 297
285 286
285 287
285 292
285 295
285 296
285 297
285 298
285 299
286 287
286 289
286 290
286 291
286 292
286 297
287 288
287 290
287 296
287 298
288 289
288 291
288 292
288 295
288 296
289 291
289 292
289 295
289 296
289 298
290 291
290 292
290 295
291 296
291 298
291 299
292 296
292 299
294 297
295 296
295 297
295 298
295 299
296 297
296 298
296 299
297 298
298 299
